# TOV Sequence Results
# e_c[MeV/fm3]  n_c[fm-3]  P_c[MeV/fm3]  R[km]  M[Msun]  M_b[Msun]
1.0000000000e+02 1.0526787061e-01 5.6058915847e-01 4.4295000000e+01 8.6809563609e-02 8.6759017404e-02
1.0415867417e+02 1.0962271496e-01 6.2824189642e-01 4.4295000000e+01 8.7635987652e-02 8.7557702033e-02
1.0849029405e+02 1.1414946445e-01 7.0653880673e-01 4.4295000000e+01 8.8998690015e-02 8.8903121047e-02
1.1300205188e+02 1.1886272635e-01 7.9731741901e-01 4.4295000000e+01 9.1086827528e-02 9.0972295532e-02
1.1770143903e+02 1.2377214896e-01 9.0263579690e-01 4.4295000000e+01 9.4105836590e-02 9.3990008760e-02
1.2259625837e+02 1.2887830959e-01 1.0246850956e+00 4.4295000000e+01 9.8259891277e-02 9.8119878787e-02
1.2769463730e+02 1.3418940646e-01 1.1661291845e+00 3.7122415168e+01 1.0371269529e-01 1.0360055586e-01
1.3300504120e+02 1.3971487395e-01 1.3300617046e+00 3.0234490359e+01 1.1058831937e-01 1.1047954339e-01
1.3853628749e+02 1.4546311459e-01 1.5200135431e+00 2.5442054487e+01 1.1900704247e-01 1.1893257449e-01
1.4429756029e+02 1.5144211425e-01 1.7400231348e+00 2.2029132514e+01 1.2910395141e-01 1.2912103135e-01
1.5029842566e+02 1.5765987801e-01 1.9947158399e+00 1.9537898660e+01 1.4102760702e-01 1.4115288269e-01
1.5654884746e+02 1.6412465820e-01 2.2893910472e+00 1.7682730671e+01 1.5494002663e-01 1.5522975391e-01
1.6305920395e+02 1.7084497081e-01 2.6301151691e+00 1.6283253282e+01 1.7101658467e-01 1.7155295531e-01
1.6984030494e+02 1.7782949190e-01 3.0238199706e+00 1.5215800115e+01 1.8944502430e-01 1.9030325910e-01
1.7690340983e+02 1.8508685228e-01 3.4784038642e+00 1.4397265498e+01 2.1042295880e-01 2.1171212093e-01
1.8426024624e+02 1.9262539978e-01 4.0028344844e+00 1.3766698660e+01 2.3415391530e-01 2.3602738490e-01
1.9192302951e+02 2.0045297129e-01 4.6072494142e+00 1.3280608953e+01 2.6084152441e-01 2.6349402036e-01
1.9990448296e+02 2.0857896598e-01 5.3032443577e+00 1.2901615992e+01 2.9069652912e-01 2.9432303998e-01
2.0821785906e+02 2.1701382457e-01 6.1040651854e+00 1.2627245107e+01 3.2393292356e-01 3.2882449812e-01
2.1687696138e+02 2.2576347405e-01 7.0242494601e+00 1.2417212919e+01 3.6072308597e-01 3.6722461357e-01
2.2589616756e+02 2.3483638349e-01 8.0803483065e+00 1.2264997587e+01 4.0123230791e-01 4.0975498094e-01
2.3529045313e+02 2.4424229309e-01 9.2911346787e+00 1.2158750364e+01 4.4561042565e-01 4.5661827684e-01
2.4507541642e+02 2.5398623245e-01 1.0676970888e+01 1.2089539386e+01 4.9393097796e-01 5.0797666026e-01
2.5526730446e+02 2.6407776668e-01 1.2261162732e+01 1.2051193182e+01 5.4625875835e-01 5.6400792994e-01
2.6588303992e+02 2.7452235663e-01 1.4068914655e+01 1.2035968175e+01 6.0256690150e-01 6.2477320797e-01
2.7694024922e+02 2.8532607916e-01 1.6128106753e+01 1.2039410698e+01 6.6277069587e-01 6.9029287087e-01
2.8845729183e+02 2.9649566177e-01 1.8469431116e+01 1.2057070061e+01 7.2672024232e-01 7.6056820501e-01
3.0045329072e+02 3.0803578518e-01 2.1125906236e+01 1.2084862617e+01 7.9417054873e-01 8.3533767916e-01
3.1294816411e+02 3.1995026555e-01 2.4132982523e+01 1.2119434836e+01 8.6478983520e-01 9.1448131245e-01
3.2596265858e+02 3.3224306483e-01 2.7528662264e+01 1.2158297335e+01 9.3817095489e-01 9.9753896409e-01
3.3951838346e+02 3.4491722437e-01 3.1353006574e+01 1.2198742762e+01 1.0138250146e+00 1.0840830463e+00
3.5363784678e+02 3.5797499143e-01 3.5647775879e+01 1.2238704411e+01 1.0911910162e+00 1.1737021333e+00
3.6834449256e+02 3.7141790240e-01 4.0455928494e+01 1.2276240760e+01 1.1696489095e+00 1.2658069074e+00
3.8366273983e+02 3.8524682636e-01 4.5820960104e+01 1.2309763321e+01 1.2485356096e+00 1.3594824911e+00
3.9961802309e+02 3.9946233185e-01 5.1786286921e+01 1.2339128185e+01 1.3271674224e+00 1.4539196502e+00
4.1623683460e+02 4.1406468433e-01 5.8394403765e+01 1.2362105769e+01 1.4048604710e+00 1.5487568088e+00
4.3354676832e+02 4.2905338673e-01 6.5685524642e+01 1.2378640399e+01 1.4809450126e+00 1.6426160976e+00
4.5157656579e+02 4.4442800981e-01 7.3696977713e+01 1.2388209505e+01 1.5547942386e+00 1.7351241566e+00
4.7035616379e+02 4.6018872836e-01 8.2462901904e+01 1.2390599587e+01 1.6258495237e+00 1.8252143137e+00
4.8991674408e+02 4.7633518331e-01 9.2012155174e+01 1.2385977818e+01 1.6936187208e+00 1.9124071798e+00
5.1029078517e+02 4.9286822616e-01 1.0236964921e+02 1.2374147398e+01 1.7577086296e+00 1.9959396501e+00
5.3151211624e+02 5.0978879285e-01 1.1355460858e+02 1.2355843360e+01 1.8178145275e+00 2.0754494898e+00
5.5361597333e+02 5.2709890123e-01 1.2558216135e+02 1.2331266639e+01 1.8737340781e+00 2.1501965921e+00
5.7663905781e+02 5.4480144158e-01 1.3846394696e+02 1.2300944667e+01 1.9253601512e+00 2.2203149421e+00
6.0061959736e+02 5.6291180650e-01 1.4998237255e+02 1.2260737683e+01 1.9653867946e+00 2.2749632421e+00
6.2559740941e+02 5.8154308190e-01 1.5809640653e+02 1.2249217051e+01 1.9895167372e+00 2.3082690526e+00
6.5161396728e+02 6.0074360898e-01 1.6684199433e+02 1.2224166059e+01 2.0117994788e+00 2.3393922334e+00
6.7871246903e+02 6.2052188466e-01 1.7628174714e+02 1.2194761742e+01 2.0322355287e+00 2.3680376580e+00
7.0693790916e+02 6.4088754917e-01 1.8648829414e+02 1.2161736090e+01 2.0508658965e+00 2.3941688481e+00
7.3633715339e+02 6.6184961873e-01 1.9753450876e+02 1.2124523502e+01 2.0677296764e+00 2.4180022888e+00
7.6695901639e+02 6.8341642081e-01 2.0949157104e+02 1.2082985610e+01 2.0828613229e+00 2.4395981467e+00
7.9885434289e+02 7.0559576950e-01 2.2242690619e+02 1.2037343450e+01 2.0962924286e+00 2.4586369323e+00
8.3207609211e+02 7.2839539197e-01 2.3640254210e+02 1.1987676743e+01 2.1080552788e+00 2.4758055580e+00
8.6667942562e+02 7.5182274159e-01 2.5147322917e+02 1.1934024582e+01 2.1181853205e+00 2.4902687863e+00
9.0272179903e+02 7.7588557376e-01 2.6768569163e+02 1.1876909496e+01 2.1267244459e+00 2.5026997216e+00
9.4026305731e+02 8.0059204492e-01 2.8507787566e+02 1.1816378829e+01 2.1337222812e+00 2.5130332338e+00
9.7936553420e+02 8.2595094496e-01 3.0367861201e+02 1.1753074214e+01 2.1392368776e+00 2.5209631279e+00
1.0200941557e+03 8.5197195266e-01 3.2350753635e+02 1.1687440922e+01 2.1433340789e+00 2.5269502524e+00
1.0625165479e+03 8.7866585273e-01 3.4457495342e+02 1.1619774607e+01 2.1460869240e+00 2.5312457389e+00
1.1067031491e+03 9.0604470843e-01 3.6688146601e+02 1.1550560460e+01 2.1475753228e+00 2.5333492357e+00
1.1527273271e+03 9.3412208152e-01 3.9041732874e+02 1.1480220450e+01 2.1478789016e+00 2.5336858880e+00
1.2006655007e+03 9.6291321055e-01 4.1516165222e+02 1.1409295048e+01 2.1470873867e+00 2.5325125183e+00
1.2505972667e+03 9.9243521691e-01 4.4108057147e+02 1.1338112497e+01 2.1452883557e+00 2.5300111880e+00
1.3026055322e+03 1.0227073098e+00 4.6812584065e+02 1.1267231940e+01 2.1425719440e+00 2.5258545703e+00
1.3567766520e+03 1.0537510344e+00 4.9623232326e+02 1.1196950946e+01 2.1390296416e+00 2.5204120297e+00
1.4132005722e+03 1.0855905225e+00 5.2531561028e+02 1.1127767324e+01 2.1347540305e+00 2.5138641022e+00
1.4719709794e+03 1.1182528029e+00 5.5526951172e+02 1.1059854550e+01 2.1298390684e+00 2.5063526294e+00
1.5331854563e+03 1.1517681182e+00 5.8596379477e+02 1.0993767182e+01 2.1243796746e+00 2.4981860479e+00
1.5969456438e+03 1.1861702578e+00 6.1724252505e+02 1.0929820894e+01 2.1184725237e+00 2.4892451206e+00
1.6633574098e+03 1.2214969474e+00 6.4892384084e+02 1.0868300688e+01 2.1122151590e+00 2.4796436756e+00
1.7325310247e+03 1.2577901776e+00 6.8080241822e+02 1.0809618861e+01 2.1057058103e+00 2.4696463347e+00
1.8045813450e+03 1.2950965212e+00 7.1265475916e+02 1.0753907306e+01 2.0990417032e+00 2.4593843895e+00
1.8796280032e+03 1.3334673165e+00 7.4424970748e+02 1.0701552051e+01 2.0923169008e+00 2.4490214301e+00
1.9577956075e+03 1.3729587106e+00 7.7536472153e+02 1.0652660316e+01 2.0856181667e+00 2.4386916922e+00
2.0392139477e+03 1.4136315168e+00 8.0580938773e+02 1.0607383765e+01 2.0790202433e+00 2.4285150807e+00
2.1240182114e+03 1.4555505230e+00 8.3545815083e+02 1.0565562797e+01 2.0725780725e+00 2.4185748887e+00
2.2123492081e+03 1.4987834767e+00 8.6429913921e+02 1.0526992140e+01 2.0663165101e+00 2.4089109342e+00
2.3043536032e+03 1.5433990157e+00 8.9252161848e+02 1.0491319311e+01 2.0602113848e+00 2.3994929707e+00
2.4001841613e+03 1.5894627444e+00 9.2073216544e+02 1.0457582714e+01 2.0541429326e+00 2.3901316200e+00
2.5000000000e+03 1.6370270077e+00 9.5076994081e+02 1.0423578934e+01 2.0477201358e+00 2.3802222748e+00
