# TOV Sequence Results
# e_c[MeV/fm3]  n_c[fm-3]  P_c[MeV/fm3]  R[km]  M[Msun]  M_b[Msun]
1.0000000000e+02 1.0526787061e-01 5.6058915847e-01 4.4295000000e+01 8.6809563609e-02 8.6759017404e-02
1.0415867417e+02 1.0962271496e-01 6.2824189642e-01 4.4295000000e+01 8.7635987652e-02 8.7557702033e-02
1.0849029405e+02 1.1414946445e-01 7.0653880673e-01 4.4295000000e+01 8.8998690015e-02 8.8903121047e-02
1.1300205188e+02 1.1886272635e-01 7.9731741901e-01 4.4295000000e+01 9.1086827528e-02 9.0972295532e-02
1.1770143903e+02 1.2377214896e-01 9.0263579690e-01 4.4295000000e+01 9.4105836590e-02 9.3990008760e-02
1.2259625837e+02 1.2887830959e-01 1.0246850956e+00 4.4295000000e+01 9.8259891277e-02 9.8119878787e-02
1.2769463730e+02 1.3418940646e-01 1.1661291845e+00 3.7122415168e+01 1.0371269529e-01 1.0360055586e-01
1.3300504120e+02 1.3971487395e-01 1.3300617046e+00 3.0234490359e+01 1.1058831937e-01 1.1047954339e-01
1.3853628749e+02 1.4546311459e-01 1.5200135431e+00 2.5442054487e+01 1.1900704247e-01 1.1893257449e-01
1.4429756029e+02 1.5144211425e-01 1.7400231348e+00 2.2029132514e+01 1.2910395141e-01 1.2912103135e-01
1.5029842566e+02 1.5765987801e-01 1.9947158399e+00 1.9537898660e+01 1.4102760702e-01 1.4115288269e-01
1.5654884746e+02 1.6412465820e-01 2.2893910472e+00 1.7682730671e+01 1.5494002663e-01 1.5522975391e-01
1.6305920395e+02 1.7084497081e-01 2.6301151691e+00 1.6283253282e+01 1.7101658467e-01 1.7155295531e-01
1.6984030494e+02 1.7782949190e-01 3.0238199706e+00 1.5215800115e+01 1.8944502430e-01 1.9030325910e-01
1.7690340983e+02 1.8508685228e-01 3.4784038642e+00 1.4397265498e+01 2.1042295880e-01 2.1171212093e-01
1.8426024624e+02 1.9262539978e-01 4.0028344844e+00 1.3766698660e+01 2.3415391530e-01 2.3602738490e-01
1.9192302951e+02 2.0045297129e-01 4.6072494142e+00 1.3280608953e+01 2.6084152441e-01 2.6349402036e-01
1.9990448296e+02 2.0857896598e-01 5.3032443577e+00 1.2901615992e+01 2.9069652912e-01 2.9432303998e-01
2.0821785906e+02 2.1701382457e-01 6.1040651854e+00 1.2627245107e+01 3.2393292356e-01 3.2882449812e-01
2.1687696138e+02 2.2576347405e-01 7.0242494601e+00 1.2417212919e+01 3.6072308597e-01 3.6722461357e-01
2.2589616756e+02 2.3483638349e-01 8.0803483065e+00 1.2264997587e+01 4.0123230791e-01 4.0975498094e-01
2.3529045313e+02 2.4424229309e-01 9.2911346787e+00 1.2158750364e+01 4.4561042565e-01 4.5661827684e-01
2.4507541642e+02 2.5398623245e-01 1.0676970888e+01 1.2089539386e+01 4.9393097796e-01 5.0797666026e-01
2.5526730446e+02 2.6407776668e-01 1.2261162732e+01 1.2051193182e+01 5.4625875835e-01 5.6400792994e-01
2.6588303992e+02 2.7452235663e-01 1.4068914655e+01 1.2035968175e+01 6.0256690150e-01 6.2477320797e-01
2.7694024922e+02 2.8532607916e-01 1.6128106753e+01 1.2039410698e+01 6.6277069587e-01 6.9029287087e-01
2.8845729183e+02 2.9649566177e-01 1.8469431116e+01 1.2057070061e+01 7.2672024232e-01 7.6056820501e-01
3.0045329072e+02 3.0803578518e-01 2.1125906236e+01 1.2084862617e+01 7.9417054873e-01 8.3533767916e-01
3.1294816411e+02 3.1995026555e-01 2.4132982523e+01 1.2119434836e+01 8.6478983520e-01 9.1448131245e-01
3.2596265858e+02 3.3224306483e-01 2.7528662264e+01 1.2158297335e+01 9.3817095489e-01 9.9753896409e-01
3.3951838346e+02 3.4491722437e-01 3.1353006574e+01 1.2198742762e+01 1.0138250146e+00 1.0840830463e+00
3.5363784678e+02 3.5797499143e-01 3.5647775879e+01 1.2238704411e+01 1.0911910162e+00 1.1737021333e+00
3.6834449256e+02 3.7141790240e-01 4.0455928494e+01 1.2276240760e+01 1.1696489095e+00 1.2658069074e+00
3.8366273983e+02 3.8524682636e-01 4.5820960104e+01 1.2309763321e+01 1.2485356096e+00 1.3594824911e+00
3.9961802309e+02 3.9946233185e-01 5.1786286921e+01 1.2339128185e+01 1.3271674224e+00 1.4539196502e+00
4.1623683460e+02 4.1406468433e-01 5.8394403765e+01 1.2362105769e+01 1.4048604710e+00 1.5487568088e+00
4.3354676832e+02 4.2905338673e-01 6.5685524642e+01 1.2378640399e+01 1.4809450126e+00 1.6426160976e+00
4.5157656579e+02 4.4442800981e-01 7.3696977713e+01 1.2388209505e+01 1.5547942386e+00 1.7351241566e+00
4.7035616379e+02 4.6018872836e-01 8.2462901904e+01 1.2390599587e+01 1.6258495237e+00 1.8252143137e+00
4.8991674408e+02 4.7631390056e-01 9.2055689656e+01 1.2385870784e+01 1.6939061604e+00 1.9127890399e+00
5.1029078517e+02 4.9290307514e-01 9.8963630657e+01 1.2378423071e+01 1.7370489002e+00 1.9690761065e+00
5.3151211624e+02 5.0998521624e-01 1.0525365275e+02 1.2368149051e+01 1.7710144030e+00 2.0136237899e+00
5.5361597333e+02 5.2759579852e-01 1.1206638839e+02 1.2352322248e+01 1.8029099787e+00 2.0557666045e+00
5.7663905781e+02 5.4574429710e-01 1.1945962961e+02 1.2332781549e+01 1.8328136821e+00 2.0953375726e+00
6.0061959736e+02 5.6443943401e-01 1.2749489144e+02 1.2307317434e+01 1.8608017823e+00 2.1327998715e+00
6.2559740941e+02 5.8368921119e-01 1.3623681793e+02 1.2276449164e+01 1.8869398119e+00 2.1681584804e+00
6.5161396728e+02 6.0350094979e-01 1.4575211033e+02 1.2240287192e+01 1.9112800913e+00 2.2013214427e+00
6.7871246903e+02 6.2388132416e-01 1.5610811095e+02 1.2198768204e+01 1.9338627482e+00 2.2319125944e+00
7.0693790916e+02 6.4483641056e-01 1.6737120101e+02 1.2151999610e+01 1.9547177486e+00 2.2607275484e+00
7.3633715339e+02 6.6637179136e-01 1.7960525688e+02 1.2100470380e+01 1.9738680083e+00 2.2873855193e+00
7.6695901639e+02 6.8849299616e-01 1.9287070409e+02 1.2044217014e+01 1.9913339909e+00 2.3114756605e+00
7.9885434289e+02 7.1120520663e-01 2.0722329143e+02 1.1983572820e+01 2.0071360442e+00 2.3338258260e+00
8.3207609211e+02 7.3451394126e-01 2.2271423865e+02 1.1919280283e+01 2.0212983659e+00 2.3535796036e+00
8.6667942562e+02 7.5842480847e-01 2.3938973228e+02 1.1851447163e+01 2.0338506279e+00 2.3716073519e+00
9.0272179903e+02 7.8294399251e-01 2.5729159031e+02 1.1780562519e+01 2.0448288205e+00 2.3870717883e+00
9.4026305731e+02 8.0807824986e-01 2.7645735549e+02 1.1707212967e+01 2.0542761437e+00 2.4008644371e+00
9.7936553420e+02 8.3383505932e-01 2.9692053834e+02 1.1631889659e+01 2.0622423277e+00 2.4121897219e+00
1.0200941557e+03 8.6022274716e-01 3.1871066426e+02 1.1555687231e+01 2.0687828866e+00 2.4217102348e+00
1.0625165479e+03 8.8725059869e-01 3.4185302360e+02 1.1476796907e+01 2.0739584267e+00 2.4293418025e+00
1.1067031491e+03 9.1492895009e-01 3.6636806181e+02 1.1397869721e+01 2.0778336995e+00 2.4348725380e+00
1.1527273271e+03 9.4326932441e-01 3.9227058216e+02 1.1318596958e+01 2.0804767698e+00 2.4389783335e+00
1.2006655007e+03 9.7228451797e-01 4.1956807172e+02 1.1238524567e+01 2.0819581870e+00 2.4410956572e+00
1.2505972667e+03 1.0019887555e+00 4.4825920977e+02 1.1160336626e+01 2.0823506087e+00 2.4415694199e+00
1.3026055322e+03 1.0323978642e+00 4.7833119397e+02 1.1081974848e+01 2.0817284831e+00 2.4405989290e+00
1.3567766520e+03 1.0635294416e+00 5.0975706934e+02 1.1004453441e+01 2.0801678588e+00 2.4384680868e+00
1.4132005722e+03 1.0954031204e+00 5.4249203210e+02 1.0928148974e+01 2.0777463332e+00 2.4347498179e+00
1.4719709794e+03 1.1280408222e+00 5.7646913752e+02 1.0853429772e+01 2.0745436638e+00 2.4298169709e+00
1.5331854563e+03 1.1614671275e+00 6.1159428951e+02 1.0780461093e+01 2.0706418191e+00 2.4238400634e+00
1.5969456438e+03 1.1957096562e+00 6.4774052452e+02 1.0709533721e+01 2.0661257573e+00 2.4169888001e+00
1.6633574098e+03 1.2307995577e+00 6.8474195995e+02 1.0641085091e+01 2.0610843480e+00 2.4094748125e+00
1.7325310247e+03 1.2667720521e+00 7.2238718649e+02 1.0575305496e+01 2.0556109046e+00 2.4010699991e+00
1.8045813450e+03 1.3036670749e+00 7.6041435385e+02 1.0512594219e+01 2.0498043834e+00 2.3921417917e+00
1.8796280032e+03 1.3415299420e+00 7.9850762806e+02 1.0453163951e+01 2.0437681733e+00 2.3828189270e+00
1.9577956075e+03 1.3804120516e+00 8.3629822734e+02 1.0398249544e+01 2.0376130890e+00 2.3733233464e+00
2.0392139477e+03 1.4203715694e+00 8.7337207953e+02 1.0346096510e+01 2.0314511598e+00 2.3637888303e+00
2.1240182114e+03 1.4614739619e+00 9.0928612660e+02 1.0298919274e+01 2.0253977336e+00 2.3544350963e+00
2.2123492081e+03 1.5037923087e+00 9.4359503934e+02 1.0256384315e+01 2.0195625187e+00 2.3454090760e+00
2.3043536032e+03 1.5474072605e+00 9.7588573309e+02 1.0218568151e+01 2.0140456752e+00 2.3368727215e+00
2.4001841613e+03 1.5924067267e+00 1.0058154279e+03 1.0185417885e+01 2.0089297223e+00 2.3289548085e+00
2.5000000000e+03 1.6388848940e+00 1.0331439267e+03 1.0156932444e+01 2.0042743598e+00 2.3217511591e+00
