# ZL+vMIT Phase Boundaries
# eta = 0.30
# eq_mode = fixed_yc
# ZL params: ZL_Constantinou
# vMIT params: B^1/4=180.0 MeV, a=0.2 fm^2
# Columns: Y_C T n_B_onset n_B_offset conv mu_p_H mu_n_H mu_u_Q mu_d_Q mu_s_Q mu_eL_H mu_eL_Q mu_eG n_p_H n_n_H n_u_Q n_d_Q n_s_Q
  0.0100     0.0000 5.201116e-01 1.627611e+00  1    1011.4703    1339.7879     341.2332     499.2774     499.2774     105.7704    -461.8077     105.7704 5.201116e-03 5.149105e-01 2.368556e-01 9.764341e-01 7.960210e-01
  0.0100     0.1000 5.201143e-01 1.627616e+00  1    1011.4712    1339.7935     341.2319     499.2808     499.2808     105.7701    -461.8079     105.7701 5.201143e-03 5.149131e-01 2.368545e-01 9.764660e-01 7.959906e-01
  0.0100     2.5000 5.193710e-01 1.627155e+00  1    1009.7596    1338.3057     340.5289     498.8884     498.8884     105.5256    -461.7632     105.5256 5.193710e-03 5.141773e-01 2.355738e-01 9.751287e-01 7.947644e-01
  0.0100     5.0000 5.170210e-01 1.625768e+00  1    1004.3720    1333.6303     338.3185     497.6559     497.6559     104.7812    -461.6218     104.7812 5.170210e-03 5.118508e-01 2.315561e-01 9.709040e-01 7.908876e-01
  0.0100     7.5000 5.133757e-01 1.623453e+00  1     996.2145    1326.4187     334.9717     495.7235     495.7235     103.5547    -461.2867     103.5547 5.133757e-03 5.082420e-01 2.256900e-01 9.642868e-01 7.848245e-01
  0.0100    10.0000 5.086395e-01 1.620200e+00  1     985.9266    1317.1276     330.7496     493.1890     493.1890     101.8544    -460.6844     101.8544 5.086395e-03 5.035531e-01 2.186249e-01 9.556295e-01 7.769069e-01
  0.0100    12.5000 5.028986e-01 1.616000e+00  1     973.8542    1305.9964     325.7930     490.1017     490.1017      99.6796    -459.7657      99.6796 5.028986e-03 4.978696e-01 2.107424e-01 9.451167e-01 7.673107e-01
  0.0100    15.0000 4.961771e-01 1.610834e+00  1     960.1970    1293.1566     320.1829     486.4868     486.4868      97.0250    -458.4940      97.0250 4.961771e-03 4.912153e-01 2.022886e-01 9.328535e-01 7.561379e-01
  0.0100    17.5000 4.884600e-01 1.604683e+00  1     945.0735    1278.6800     313.9671     482.3564     482.3564      93.8832    -456.8402      93.8832 4.884600e-03 4.835754e-01 1.934333e-01 9.189050e-01 7.434543e-01
  0.0100    20.0000 4.797020e-01 1.597519e+00  1     928.5510    1262.6019     307.1721     477.7149     477.7149      90.2469    -454.7800      90.2469 4.797020e-03 4.749049e-01 1.842993e-01 9.033164e-01 7.293080e-01
  0.0100    22.5000 4.698307e-01 1.589313e+00  1     910.6615    1244.9350     299.8103     472.5623     472.5623      86.1115    -452.2931      86.1115 4.698307e-03 4.651324e-01 1.749771e-01 8.861264e-01 7.137416e-01
  0.0100    25.0000 4.587468e-01 1.580028e+00  1     891.4111    1225.6778     291.8832     466.8973     466.8973      81.4786    -449.3637      81.4786 4.587468e-03 4.541594e-01 1.655348e-01 8.673782e-01 6.968033e-01
  0.0100    27.5000 4.463222e-01 1.569624e+00  1     870.7866    1204.8244     283.3848     460.7198     460.7198      76.3608    -445.9816      76.3608 4.463222e-03 4.418590e-01 1.560248e-01 8.471317e-01 6.785581e-01
  0.0100    30.0000 4.323977e-01 1.558058e+00  1     848.7623    1182.3745     274.3033     454.0356     454.0356      70.7880    -442.1449      70.7880 4.323977e-03 4.280737e-01 1.464884e-01 8.254791e-01 6.591016e-01
  0.0100    32.5000 4.167810e-01 1.545281e+00  1     825.3076    1158.3471     264.6252     446.8610     446.8610      64.8149    -437.8641      64.8149 4.167810e-03 4.126132e-01 1.369613e-01 8.025638e-01 6.385780e-01
  0.0100    35.0000 3.992453e-01 1.531243e+00  1     800.3981    1132.7983     254.3383     439.2300     439.2300      58.5269    -433.1679      58.5269 3.992453e-03 3.952529e-01 1.274783e-01 7.786040e-01 6.172006e-01
  0.0100    37.5000 3.795291e-01 1.515890e+00  1     774.0315    1105.8432     243.4372     431.2030     431.2030      52.0424    -428.1108      52.0424 3.795291e-03 3.757338e-01 1.180779e-01 7.539189e-01 5.952753e-01
  0.0100    40.0000 3.573388e-01 1.499163e+00  1     746.2497    1077.6808     231.9299     422.8755     422.8755      45.5046    -422.7808      45.5046 3.573388e-03 3.537654e-01 1.088072e-01 7.289517e-01 5.732198e-01
  0.0100    42.5000 3.323566e-01 1.481001e+00  1     717.1709    1048.6198     219.8478     414.3860     414.3860      39.0638    -417.3053      39.0638 3.323566e-03 3.290330e-01 9.972891e-02 7.042832e-01 5.515735e-01
  0.0100    45.0000 3.042652e-01 1.461339e+00  1     687.0360    1019.1035     207.2639     405.9198     405.9198      32.8556    -411.8496      32.8556 3.042652e-03 3.012226e-01 9.093292e-02 6.806239e-01 5.309872e-01
  0.0100    47.5000 2.728220e-01 1.440104e+00  1     656.2789     989.7312     194.3267     397.7023     397.7023      26.9869    -406.6020      26.9869 2.728220e-03 2.700938e-01 8.255720e-02 6.587691e-01 5.121793e-01
  0.0100    50.0000 2.380683e-01 1.417220e+00  1     625.6214     961.2636     181.3155     389.9741     389.9741      21.5432    -401.7356      21.5432 2.380683e-03 2.356876e-01 7.481581e-02 6.394938e-01 4.958391e-01
  0.0100    52.5000 2.008293e-01 1.392598e+00  1     596.1274     934.5605     168.6917     382.9344     382.9344      16.6251    -397.3429      16.6251 2.008293e-03 1.988210e-01 6.800956e-02 6.233541e-01 4.824486e-01
  0.0100    55.0000 1.634272e-01 1.366134e+00  1     568.9393     910.3021     157.0109     376.6456     376.6456      12.3886    -393.3719      12.3886 1.634272e-03 1.617929e-01 6.242650e-02 6.103944e-01 4.720230e-01
  0.0100    57.5000 1.294155e-01 1.337705e+00  1     544.4096     888.4468     146.5228     370.9620     370.9620       8.9996    -389.6603       8.9996 1.294155e-03 1.281214e-01 5.805088e-02 5.999871e-01 4.639762e-01
  0.0100    60.0000 1.013762e-01 1.307153e+00  1     521.5379     868.0764     136.8473     365.6145     365.6145       6.4829    -386.0881       6.4829 1.013762e-03 1.003625e-01 5.440246e-02 5.911873e-01 4.574445e-01
  0.0100    62.5000 7.954672e-02 1.274276e+00  1     498.7879     848.0592     127.3057     360.3768     360.3768       4.6910    -382.6432       4.6910 7.954672e-04 7.875125e-02 5.084588e-02 5.832630e-01 4.517620e-01
  0.0100    65.0000 6.282750e-02 1.238807e+00  1     475.0233     827.6015     117.3719     355.1148     355.1148       3.4265    -379.3578       3.4265 6.282750e-04 6.219923e-02 4.690971e-02 5.758028e-01 4.465547e-01
  0.0100    67.5000 4.996233e-02 1.200390e+00  1     449.6372     806.2645     106.7607     349.7519     349.7519       2.5271    -376.2599       2.5271 4.996233e-04 4.946271e-02 4.231107e-02 5.685772e-01 4.416129e-01
  0.0100    70.0000 3.994824e-02 1.158534e+00  1     422.3532     783.8155      95.3462     344.2346     344.2346       1.8790    -373.3673       1.8790 3.994824e-04 3.954876e-02 3.686704e-02 5.614284e-01 4.367919e-01
  0.0100    72.5000 3.205713e-02 1.112550e+00  1     393.0558     760.1155      83.0855     338.5150     338.5150       1.4057    -370.6950       1.4057 3.205713e-04 3.173656e-02 3.042101e-02 5.542194e-01 4.319669e-01
  0.0100    75.0000 2.576949e-02 1.061437e+00  1     361.6934     735.0582      69.9733     332.5424     332.5424       1.0559    -368.2630       1.0559 2.576949e-04 2.551179e-02 2.279920e-02 5.468126e-01 4.270134e-01
  0.0100    77.5000 2.071156e-02 1.003668e+00  1     328.2277     708.5360      56.0188     326.2586     326.2586       0.7948    -366.1000       0.7948 2.071156e-04 2.050444e-02 1.378653e-02 5.390579e-01 4.217965e-01
  0.0100    80.0000 1.661088e-02 9.367543e-01  1     292.6113     680.4227      41.2352     319.5937     319.5937       0.5982    -364.2444       0.5982 1.661088e-04 1.644477e-02 3.114951e-03 5.307834e-01 4.161636e-01
  0.0100    82.5000 1.326791e-02 8.563001e-01  1     254.7996     650.5726      25.6467     312.4629     312.4629       0.4493    -362.7400       0.4493 1.326791e-04 1.313523e-02 -9.532898e-03 5.217869e-01 4.099362e-01
  0.0100    85.0000 1.054071e-02 7.542195e-01  1     214.8539     618.8682       9.3374     304.7654     304.7654       0.3363    -361.6179       0.3363 1.054071e-04 1.043530e-02 -2.447452e-02 5.118327e-01 4.029083e-01
  0.0100    87.5000 8.342395e-03 6.242492e-01  1     173.3213     585.4256      -7.3765     296.4010     296.4010       0.2511    -360.8382       0.2511 8.342395e-05 8.258971e-03 -4.182214e-02 5.006797e-01 3.948712e-01
  0.0100    90.0000 6.646808e-03 5.119387e-01  1     132.1954     551.1618     -23.5244     287.3431     287.3431       0.1891    -360.1405       0.1891 6.646808e-05 6.580340e-03 -6.087736e-02 4.882276e-01 3.857413e-01
  0.0100    92.5000 5.462456e-03 4.487875e-01  1      95.6874     518.3697     -37.1897     277.7797     277.7797       0.1471    -358.8959       0.1471 5.462456e-05 5.407831e-03 -7.936721e-02 4.748164e-01 3.758192e-01
  0.0100    95.0000 4.733301e-03 4.107103e-01  1      67.6155     489.3849     -46.7397     268.0623     268.0623       0.1209    -356.4371       0.1209 4.733301e-05 4.685968e-03 -9.453354e-02 4.611557e-01 3.657232e-01
  0.0100    97.5000 4.315212e-03 3.843060e-01  1      47.9242     464.4344     -52.3208     258.3776     258.3776       0.1046    -352.6012       0.1046 4.315212e-05 4.272060e-03 -1.055070e-01 4.476506e-01 3.558001e-01
  0.0100   100.0000 4.073837e-03 3.640701e-01  1      34.3341     442.3507     -55.0286     248.6896     248.6896       0.0939    -347.5673       0.0939 4.073837e-05 4.033098e-03 -1.129724e-01 4.342406e-01 3.459911e-01
  0.0100   102.5000 3.926142e-03 3.473468e-01  1      24.7651     421.9589     -55.8221     238.8905     238.8905       0.0861    -341.5180       0.0861 3.926142e-05 3.886881e-03 -1.178088e-01 4.206977e-01 3.360933e-01
  0.0100   105.0000 3.825851e-03 3.326381e-01  1      17.8411     402.4263     -55.3227     228.8745     228.8745       0.0800    -334.5468       0.0800 3.825851e-05 3.787592e-03 -1.206404e-01 4.067834e-01 3.258962e-01
  0.0100   107.5000 3.746334e-03 3.189862e-01  1      12.7086     383.1870     -53.9084     218.5477     218.5477       0.0747    -326.6661       0.0747 3.746334e-05 3.708871e-03 -1.218467e-01 3.922744e-01 3.152034e-01
  0.0100   110.0000 3.670958e-03 3.057120e-01  1       8.8329     363.8320     -51.8099     207.8210     207.8210       0.0699    -317.8243       0.0699 3.670958e-05 3.634248e-03 -1.216384e-01 3.769500e-01 3.038216e-01
  0.0100   112.5000 3.588211e-03 2.922869e-01  1       5.8692     344.0324     -49.1693     196.6009     196.6009       0.0653    -307.9113       0.0653 3.588211e-05 3.552329e-03 -1.201130e-01 3.605737e-01 2.915445e-01
  0.0100   115.0000 3.489154e-03 2.782550e-01  1       3.5888     323.4865     -46.0735     184.7800     184.7800       0.0608    -296.7529       0.0608 3.489154e-05 3.454263e-03 -1.172860e-01 3.428731e-01 2.781354e-01
  0.0100   117.5000 3.365917e-03 2.631753e-01  1       1.8366     301.8780     -42.5718     172.2249     172.2249       0.0562    -284.0924       0.0562 3.365917e-05 3.332258e-03 -1.131057e-01 3.235126e-01 2.633042e-01
  0.0100   120.0000 3.210589e-03 2.465646e-01  1       0.5061     278.8303     -38.6853     158.7578     158.7578       0.0514    -269.5523       0.0514 3.210589e-05 3.178483e-03 -1.074541e-01 3.020549e-01 2.466743e-01
  0.1000     0.0000 5.959527e-01 1.777905e+00  1    1093.7979    1430.0894     390.1499     519.9697     519.9697     238.4506    -449.7882     238.4506 5.959527e-02 5.363574e-01 3.575424e-01 1.050089e+00 8.649487e-01
  0.1000     0.1000 5.959561e-01 1.777910e+00  1    1093.8007    1430.0968     390.1494     519.9737     519.9737     238.4508    -449.7885     238.4508 5.959561e-02 5.363605e-01 3.575429e-01 1.050126e+00 8.649174e-01
  0.1000     2.5000 5.957755e-01 1.777517e+00  1    1093.4556    1429.6792     390.0133     519.8329     519.8329     238.3406    -449.6726     238.3406 5.957755e-02 5.361980e-01 3.574285e-01 1.049706e+00 8.645462e-01
  0.1000     5.0000 5.952143e-01 1.776335e+00  1    1092.3734    1428.3876     389.5866     519.4005     519.4005     238.0069    -449.3274     238.0069 5.952143e-02 5.356929e-01 3.570380e-01 1.048410e+00 8.633981e-01
  0.1000     7.5000 5.942227e-01 1.774362e+00  1    1090.4359    1426.1241     388.8229     518.6506     518.6506     237.4427    -448.7591     237.4427 5.942227e-02 5.348004e-01 3.562510e-01 1.046141e+00 8.613830e-01
  0.1000    10.0000 5.927588e-01 1.771592e+00  1    1087.5554    1422.8090     387.6886     517.5602     517.5602     236.6416    -447.9653     236.6416 5.927588e-02 5.334829e-01 3.549876e-01 1.042810e+00 8.584187e-01
  0.1000    12.5000 5.908057e-01 1.768017e+00  1    1083.7163    1418.4154     386.1791     516.1182     516.1182     235.6001    -446.9331     235.6001 5.908057e-02 5.317252e-01 3.532502e-01 1.038374e+00 8.544638e-01
  0.1000    15.0000 5.883600e-01 1.763624e+00  1    1078.9412    1412.9450     384.3047     514.3202     514.3202     234.3162    -445.6447     234.3162 5.883600e-02 5.295240e-01 3.510840e-01 1.032812e+00 8.495022e-01
  0.1000    17.5000 5.854206e-01 1.758398e+00  1    1073.2626    1406.4069     382.0798     512.1636     512.1636     232.7875    -444.0808     232.7875 5.854206e-02 5.268785e-01 3.485450e-01 1.026116e+00 8.435266e-01
  0.1000    20.0000 5.819841e-01 1.752321e+00  1    1066.7109    1398.8085     379.5179     509.6453     509.6453     231.0114    -442.2223     231.0114 5.819841e-02 5.237857e-01 3.456863e-01 1.018277e+00 8.365312e-01
  0.1000    22.5000 5.780426e-01 1.745367e+00  1    1059.3102    1390.1516     376.6297     506.7609     506.7609     228.9838    -440.0502     228.9838 5.780426e-02 5.202383e-01 3.425540e-01 1.009284e+00 8.285085e-01
  0.1000    25.0000 5.735825e-01 1.737511e+00  1    1051.0765    1380.4309     373.4230     503.5039     503.5039     226.6995    -437.5455     226.6995 5.735825e-02 5.162243e-01 3.391847e-01 9.991245e-01 8.194485e-01
  0.1000    27.5000 5.685839e-01 1.728722e+00  1    1042.0174    1369.6338     369.9020     499.8659     499.8659     224.1521    -434.6895     224.1521 5.685839e-02 5.117255e-01 3.356056e-01 9.877795e-01 8.093382e-01
  0.1000    30.0000 5.630193e-01 1.718964e+00  1    1032.1322    1357.7402     366.0673     495.8365     495.8365     221.3331    -431.4630     221.3331 5.630193e-02 5.067174e-01 3.318344e-01 9.752283e-01 7.981619e-01
  0.1000    32.5000 5.568533e-01 1.708202e+00  1    1021.4110    1344.7218     361.9160     491.4029     491.4029     218.2325    -427.8470     218.2325 5.568533e-02 5.011679e-01 3.278791e-01 9.614463e-01 7.859016e-01
  0.1000    35.0000 5.500408e-01 1.696394e+00  1    1009.8352    1330.5417     357.4415     486.5501     486.5501     214.8381    -423.8215     214.8381 5.500408e-02 4.950367e-01 3.237382e-01 9.464061e-01 7.725370e-01
  0.1000    37.5000 5.425260e-01 1.683495e+00  1     997.3763    1315.1546     352.6330     481.2608     481.2608     211.1348    -419.3667     211.1348 5.425260e-02 4.882734e-01 3.193998e-01 9.300776e-01 7.580465e-01
  0.1000    40.0000 5.342401e-01 1.669455e+00  1     983.9952    1298.5050     347.4752     475.5149     475.5149     207.1046    -414.4623     207.1046 5.342401e-02 4.808161e-01 3.148417e-01 9.124288e-01 7.424073e-01
  0.1000    42.5000 5.250987e-01 1.654223e+00  1     969.6412    1280.5276     341.9476     469.2900     469.2900     202.7253    -409.0881     202.7253 5.250987e-02 4.725888e-01 3.100298e-01 8.934271e-01 7.255970e-01
  0.1000    45.0000 5.149980e-01 1.637739e+00  1     954.2500    1261.1454     336.0238     462.5608     462.5608     197.9700    -403.2247     197.9700 5.149980e-02 4.634982e-01 3.049173e-01 8.730405e-01 7.075951e-01
  0.1000    47.5000 5.038109e-01 1.619937e+00  1     937.7422    1240.2701     329.6702     455.3000     455.3000     192.8049    -396.8554     192.8049 5.038109e-02 4.534298e-01 2.994425e-01 8.512411e-01 6.883858e-01
  0.1000    50.0000 4.913804e-01 1.600744e+00  1     920.0210    1217.8016     322.8447     447.4785     447.4785     187.1883    -389.9679     187.1883 4.913804e-02 4.422424e-01 2.935270e-01 8.280099e-01 6.679629e-01
  0.1000    52.5000 4.775131e-01 1.580077e+00  1     900.9702    1193.6300     315.4954     439.0673     439.0673     181.0670    -382.5592     181.0670 4.775131e-02 4.297618e-01 2.870727e-01 8.033452e-01 6.463376e-01
  0.1000    55.0000 4.619701e-01 1.557841e+00  1     880.4531    1167.6402     307.5585     430.0409     430.0409     174.3737    -374.6420     174.3737 4.619701e-02 4.157731e-01 2.799604e-01 7.772766e-01 6.235510e-01
  0.1000    57.5000 4.444586e-01 1.533927e+00  1     858.3141    1139.7226     298.9575     420.3826     420.3826     167.0221    -366.2561     167.0221 4.444586e-02 4.000128e-01 2.720481e-01 7.498875e-01 5.996947e-01
  0.1000    60.0000 4.246250e-01 1.508205e+00  1     834.3868    1109.7945     289.6037     410.0954     410.0954     158.9019    -357.4849     158.9019 4.246250e-02 3.821625e-01 2.631742e-01 7.213496e-01 5.749410e-01
  0.1000    62.5000 4.020554e-01 1.480521e+00  1     808.5130    1077.8372     279.4002     399.2185     399.2185     149.8739    -348.4789     149.8739 4.020554e-02 3.618499e-01 2.531687e-01 6.919733e-01 5.495878e-01
  0.1000    65.0000 3.762958e-01 1.450690e+00  1     780.5842    1043.9563     268.2540     387.8511     387.8511     139.7684    -339.4816     139.7684 3.762958e-02 3.386663e-01 2.418802e-01 6.622706e-01 5.241114e-01
  0.1000    67.5000 3.469085e-01 1.418482e+00  1     750.6126    1008.4631     256.1019     376.1806     376.1806     128.3935    -330.8457     128.3935 3.469085e-02 3.122177e-01 2.292290e-01 6.330102e-01 4.992114e-01
  0.1000    70.0000 3.135906e-01 1.383608e+00  1     718.8375     971.9541     242.9555     364.4993     364.4993     115.5675    -323.0084     115.5675 3.135906e-02 2.822316e-01 2.152925e-01 6.052170e-01 4.758033e-01
  0.1000    72.5000 2.763965e-01 1.345698e+00  1     685.8497     935.3410     228.9702     353.1854     353.1854     101.2029    -316.3841     101.2029 2.763965e-02 2.487569e-01 2.004172e-01 5.800417e-01 4.548962e-01
  0.1000    75.0000 2.361477e-01 1.304258e+00  1     652.6941     899.7767     214.5352     342.6208     342.6208      85.4954    -311.1613      85.4954 2.361477e-02 2.125329e-01 1.853289e-01 5.584621e-01 4.373257e-01
  0.1000    77.5000 1.950540e-01 1.258607e+00  1     620.8070     866.4278     200.3289     333.0494     333.0494      69.2446    -307.0894      69.2446 1.950540e-02 1.755486e-01 1.711332e-01 5.408712e-01 4.233971e-01
  0.1000    80.0000 1.567842e-01 1.207762e+00  1     591.4378     836.0017     187.1227     324.4395     324.4395      53.9721    -303.5184      53.9721 1.567842e-02 1.411058e-01 1.589150e-01 5.267888e-01 4.126465e-01
  0.1000    82.5000 1.246030e-01 1.150207e+00  1     564.6972     808.2546     175.2506     316.5020     316.5020      41.1568    -299.8631      41.1568 1.246030e-02 1.121427e-01 1.489583e-01 5.151086e-01 4.040704e-01
  0.1000    85.0000 9.933227e-02 1.083385e+00  1     539.5667     782.2153     164.4179     308.8987     308.8987      31.2596    -295.9664      31.2596 9.933227e-03 8.939904e-02 1.406156e-01 5.047750e-01 3.967238e-01
  0.1000    87.5000 7.992529e-02 1.002331e+00  1     514.8546     756.8860     154.1066     301.3897     301.3897      23.8807    -291.9471      23.8807 7.992529e-03 7.193276e-02 1.329920e-01 4.951180e-01 3.900090e-01
  0.1000    90.0000 6.493492e-02 8.946678e-01  1     489.7235     731.5610     143.9005     293.8302     293.8302      18.3994    -287.9600      18.3994 6.493492e-03 5.844143e-02 1.253978e-01 4.857570e-01 3.835866e-01
  0.1000    92.5000 5.316847e-02 7.049676e-01  1     463.6724     705.7861     133.5335     286.1263     286.1263      14.2879    -284.1149      14.2879 5.316847e-03 4.785162e-02 1.173801e-01 4.764486e-01 3.772392e-01
  0.1000    95.0000 4.376735e-02 4.766888e-01  1     436.3970     679.2518     122.8423     278.2048     278.2048      11.1621    -280.4790      11.1621 4.376735e-03 3.939062e-02 1.086328e-01 4.670027e-01 3.707975e-01
  0.1000    97.5000 3.613232e-02 4.150514e-01  1     407.6866     651.7170     111.7212     269.9979     269.9979       8.7535    -277.0924       8.7535 3.613232e-03 3.251909e-02 9.892136e-02 4.572436e-01 3.641057e-01
  0.1000   100.0000 2.984340e-02 3.817245e-01  1     377.3640     622.9615     100.0933     261.4341     261.4341       6.8753    -273.9804       6.8753 2.984340e-03 2.685906e-02 8.803574e-02 4.469901e-01 3.570040e-01
  0.1000   102.5000 2.460195e-02 3.584157e-01  1     345.2544     592.7580      87.8945     252.4318     252.4318       5.3957    -271.1586       5.3957 2.460195e-03 2.214176e-02 7.576456e-02 4.360415e-01 3.493167e-01
  0.1000   105.0000 2.019304e-02 3.399073e-01  1     311.1772     560.8550      75.0701     242.8924     242.8924       4.2209    -268.6305       4.2209 2.019304e-03 1.817373e-02 6.188626e-02 4.241629e-01 3.408393e-01
  0.1000   107.5000 1.646219e-02 3.238929e-01  1     274.9749     526.9766      61.5888     232.6939     232.6939       3.2831    -266.3725       3.2831 1.646219e-03 1.481597e-02 4.618675e-02 4.110690e-01 3.313252e-01
  0.1000   110.0000 1.330297e-02 3.090824e-01  1     236.6291     490.8653      47.4958     221.6847     221.6847       2.5339    -264.2900       2.5339 1.330297e-03 1.197267e-02 2.854052e-02 3.964074e-01 3.204714e-01
  0.1000   112.5000 1.065290e-02 2.946271e-01  1     196.5830     452.4370      33.0537     209.6916     209.6916       1.9400    -262.1134       1.9400 1.065290e-03 9.587614e-03 9.147542e-03 3.797601e-01 3.079206e-01
  0.1000   115.0000 8.490943e-03 2.798881e-01  1     156.3751     412.1411      19.0073     196.5669     196.5669       1.4798    -259.2080       1.4798 8.490943e-04 7.641849e-03 -1.096892e-02 3.607181e-01 2.933259e-01
  0.1000   117.5000 6.812680e-03 2.643133e-01  1     119.0548     371.2982       6.7223     182.2879     182.2879       1.1373    -254.4551       1.1373 6.812680e-04 6.131412e-03 -2.953325e-02 3.390713e-01 2.765113e-01
  0.1000   120.0000 5.568797e-03 2.473502e-01  1      87.8152     331.4784      -2.4508     166.9646     166.9646       0.8913    -246.6013       0.8913 5.568797e-04 5.011917e-03 -4.384681e-02 3.148718e-01 2.575229e-01
  0.2000     0.0000 6.795219e-01 1.848751e+00  1    1178.3052    1510.0086     431.8404     539.0841     539.0841     313.8619    -434.3372     313.8619 1.359044e-01 5.436175e-01 4.826418e-01 1.117523e+00 9.282509e-01
  0.2000     0.1000 6.795258e-01 1.848756e+00  1    1178.3084    1510.0167     431.8400     539.0884     539.0884     313.8622    -434.3375     313.8622 1.359052e-01 5.436206e-01 4.826428e-01 1.117563e+00 9.282180e-01
  0.2000     2.5000 6.793883e-01 1.848382e+00  1    1178.0756    1509.6907     431.7499     538.9704     538.9704     313.7756    -434.2061     313.7756 1.358777e-01 5.435106e-01 4.826327e-01 1.117217e+00 9.279151e-01
  0.2000     5.0000 6.789714e-01 1.847256e+00  1    1177.3679    1508.7036     431.4760     538.6138     538.6138     313.5148    -433.8113     313.5148 1.357943e-01 5.431771e-01 4.825930e-01 1.116172e+00 9.269974e-01
  0.2000     7.5000 6.782616e-01 1.845378e+00  1    1176.1561    1507.0294     431.0072     538.0111     538.0111     313.0776    -433.1536     313.0776 1.356523e-01 5.426093e-01 4.824907e-01 1.114397e+00 9.254382e-01
  0.2000    10.0000 6.772365e-01 1.842741e+00  1    1174.3928    1504.6241     430.3258     537.1491     537.1491     312.4601    -432.2327     312.4601 1.354473e-01 5.417892e-01 4.822736e-01 1.111843e+00 9.231910e-01
  0.2000    12.5000 6.758722e-01 1.839338e+00  1    1172.0310    1501.4413     429.4141     536.0136     536.0136     311.6581    -431.0448     311.6581 1.351744e-01 5.406977e-01 4.818937e-01 1.108455e+00 9.202038e-01
  0.2000    15.0000 6.741490e-01 1.835159e+00  1    1169.0378    1497.4433     428.2606     534.5914     534.5914     310.6677    -429.5814     310.6677 1.348298e-01 5.393192e-01 4.813228e-01 1.104182e+00 9.164298e-01
  0.2000    17.5000 6.720521e-01 1.830191e+00  1    1165.3957    1492.6030     426.8593     532.8719     532.8719     309.4857    -427.8301     309.4857 1.344104e-01 5.376417e-01 4.805531e-01 1.098981e+00 9.118308e-01
  0.2000    20.0000 6.695695e-01 1.824416e+00  1    1161.0972    1486.8999     425.2084     530.8458     530.8458     308.1088    -425.7757     308.1088 1.339139e-01 5.356556e-01 4.795898e-01 1.092818e+00 9.063754e-01
  0.2000    22.5000 6.666900e-01 1.817813e+00  1    1156.1399    1480.3167     423.3080     528.5044     528.5044     306.5339    -423.4010     306.5339 1.333380e-01 5.333520e-01 4.784444e-01 1.085661e+00 9.000361e-01
  0.2000    25.0000 6.634009e-01 1.810359e+00  1    1150.5223    1472.8360     421.1585     525.8388     525.8388     304.7572    -420.6874     304.7572 1.326802e-01 5.307207e-01 4.771295e-01 1.077482e+00 8.927870e-01
  0.2000    27.5000 6.596871e-01 1.802027e+00  1    1144.2416    1464.4383     418.7596     522.8393     522.8393     302.7742    -417.6154     302.7742 1.319374e-01 5.277497e-01 4.756555e-01 1.068250e+00 8.846028e-01
  0.2000    30.0000 6.555303e-01 1.792787e+00  1    1137.2921    1455.1007     416.1099     519.4954     519.4954     300.5796    -414.1642     300.5796 1.311061e-01 5.244242e-01 4.740286e-01 1.057935e+00 8.754575e-01
  0.2000    32.5000 6.509073e-01 1.782607e+00  1    1129.6638    1444.7959     413.2063     515.7948     515.7948     298.1669    -410.3118     298.1669 1.301815e-01 5.207259e-01 4.722498e-01 1.046504e+00 8.653239e-01
  0.2000    35.0000 6.457904e-01 1.771450e+00  1    1121.3420    1433.4913     410.0436     511.7239     511.7239     295.5284    -406.0349     295.5284 1.291581e-01 5.166323e-01 4.703134e-01 1.033922e+00 8.541732e-01
  0.2000    37.5000 6.401455e-01 1.759278e+00  1    1112.3064    1421.1480     406.6142     507.2669     507.2669     292.6547    -401.3084     292.6547 1.280291e-01 5.121164e-01 4.682068e-01 1.020151e+00 8.419744e-01
  0.2000    40.0000 6.339316e-01 1.746050e+00  1    1102.5299    1407.7200     402.9079     502.4060     502.4060     289.5347    -396.1053     289.5347 1.267863e-01 5.071452e-01 4.659092e-01 1.005150e+00 8.286938e-01
  0.2000    42.5000 6.270991e-01 1.731720e+00  1    1091.9782    1393.1527     398.9115     497.1206     497.1206     286.1550    -390.3960     286.1550 1.254198e-01 5.016793e-01 4.633911e-01 9.888741e-01 8.142947e-01
  0.2000    45.0000 6.195884e-01 1.716238e+00  1    1080.6082    1377.3817     394.6077     491.3870     491.3870     282.4994    -384.1483     282.4994 1.239177e-01 4.956707e-01 4.606124e-01 9.712725e-01 7.987369e-01
  0.2000    47.5000 6.113272e-01 1.699552e+00  1    1068.3659    1360.3310     389.9753     485.1779     485.1779     278.5481    -377.3268     278.5481 1.222654e-01 4.890617e-01 4.575214e-01 9.522900e-01 7.819756e-01
  0.2000    50.0000 6.022273e-01 1.681601e+00  1    1055.1851    1341.9104     384.9872     478.4616     478.4616     274.2771    -369.8926     274.2771 1.204455e-01 4.817818e-01 4.540521e-01 9.318648e-01 7.639616e-01
  0.2000    52.5000 5.921809e-01 1.662317e+00  1    1040.9837    1322.0131     379.6101     471.2015     471.2015     269.6563    -361.8036     269.6563 1.184362e-01 4.737447e-01 4.501217e-01 9.099284e-01 7.446405e-01
  0.2000    55.0000 5.810546e-01 1.641627e+00  1    1025.6605    1300.5121     373.8021     463.3550     463.3550     264.6482    -353.0144     264.6482 1.162109e-01 4.648437e-01 4.456269e-01 8.864053e-01 7.239530e-01
  0.2000    57.5000 5.686825e-01 1.619443e+00  1    1009.0901    1277.2566     367.5112     454.8727     454.8727     259.2051    -343.4782     259.2051 1.137365e-01 4.549460e-01 4.404389e-01 8.612139e-01 7.018357e-01
  0.2000    60.0000 5.548557e-01 1.595666e+00  1     991.1176    1252.0681     360.6721     445.6980     445.6980     253.2655    -333.1497     253.2655 1.109711e-01 4.438846e-01 4.343973e-01 8.342692e-01 6.782244e-01
  0.2000    62.5000 5.393100e-01 1.570182e+00  1     971.5507    1224.7373     353.2029     435.7672     435.7672     246.7486    -321.9921     246.7486 1.078620e-01 4.314480e-01 4.273034e-01 8.054896e-01 6.530607e-01
  0.2000    65.0000 5.217095e-01 1.542853e+00  1     950.1535    1195.0248     345.0016     425.0116     425.0116     239.5477    -309.9901     239.5477 1.043419e-01 4.173676e-01 4.189120e-01 7.748121e-01 6.263059e-01
  0.2000    67.5000 5.016296e-01 1.513515e+00  1     926.6416    1162.6708     335.9431     413.3638     413.3638     231.5197    -297.1753     231.5197 1.003259e-01 4.013037e-01 4.089265e-01 7.422219e-01 5.979692e-01
  0.2000    70.0000 4.785447e-01 1.481967e+00  1     900.6888    1127.4270     325.8792     400.7739     400.7739     222.4726    -283.6723     222.4726 9.570894e-02 3.828358e-01 3.970029e-01 7.078119e-01 5.681606e-01
  0.2000    72.5000 4.518396e-01 1.447960e+00  1     871.9616    1089.1326     314.6492     387.2417     387.2417     212.1532    -269.7749     212.1532 9.036792e-02 3.614717e-01 3.827795e-01 6.718869e-01 5.371839e-01
  0.2000    75.0000 4.208840e-01 1.411175e+00  1     840.2140    1047.8659     302.1129     372.8765     372.8765     200.2432    -256.0511     200.2432 8.417681e-02 3.367072e-01 3.659600e-01 6.351258e-01 5.056767e-01
  0.2000    77.5000 3.852262e-01 1.371197e+00  1     805.4715    1004.1726     288.2180     357.9773     357.9773     186.3846    -243.4213     186.3846 7.704523e-02 3.081809e-01 3.464764e-01 5.987526e-01 4.747527e-01
  0.2000    80.0000 3.449085e-01 1.327466e+00  1     768.2664     959.2502     273.0900     343.0801     343.0801     170.2552    -233.0574     170.2552 6.898170e-02 2.759268e-01 3.246969e-01 5.645358e-01 4.459826e-01
  0.2000    82.5000 3.007519e-01 1.279189e+00  1     729.7373     914.8153     257.0807     328.8673     328.8673     151.6947    -225.9431     151.6947 6.015038e-02 2.406015e-01 3.015191e-01 5.343612e-01 4.210008e-01
  0.2000    85.0000 2.544311e-01 1.225191e+00  1     691.4186     872.5553     240.7214     315.9170     315.9170     130.8734    -222.2638     130.8734 5.088621e-02 2.035448e-01 2.782199e-01 5.094727e-01 4.008393e-01
  0.2000    87.5000 2.085054e-01 1.163582e+00  1     654.8522     833.5823     224.6502     304.4660     304.4660     108.5816    -221.1328     108.5816 4.170108e-02 1.668043e-01 2.562098e-01 4.899494e-01 3.854955e-01
  0.2000    90.0000 1.663504e-01 1.090956e+00  1     621.1519     798.2287     209.5264     294.3512     294.3512      86.5520    -220.9549      86.5520 3.327008e-02 1.330803e-01 2.367609e-01 4.747720e-01 3.740200e-01
  0.2000    92.5000 1.309707e-01 9.998887e-01  1     590.4595     766.0376     195.7580     285.1398     285.1398      66.9966    -220.3243      66.9966 2.619414e-02 1.047766e-01 2.204576e-01 4.623785e-01 3.650149e-01
  0.2000    95.0000 1.032547e-01 8.657454e-01  1     561.8786     735.9928     183.2450     276.3739     276.3739      51.2289    -218.7221      51.2289 2.065093e-02 8.260374e-02 2.068362e-01 4.513938e-01 3.572656e-01
  0.2000    97.5000 8.213833e-02 4.889001e-01  1     534.1913     707.0153     171.5579     267.7287     267.7287      39.1882    -216.3223      39.1882 1.642767e-02 6.571067e-02 1.948750e-01 4.409603e-01 3.500181e-01
  0.2000   100.0000 6.600113e-02 4.077880e-01  1     506.4355     678.2727     160.2568     259.0079     259.0079      30.1470    -213.4732      30.1470 1.320023e-02 5.280091e-02 1.836215e-01 4.306049e-01 3.428565e-01
  0.2000   102.5000 5.346431e-02 3.719467e-01  1     477.9748     649.1832     149.0135     250.0848     250.0848      23.3355    -210.4547      23.3355 1.069286e-02 4.277145e-02 1.723813e-01 4.200336e-01 3.355221e-01
  0.2000   105.0000 4.353221e-02 3.476890e-01  1     448.3815     619.3201     137.6001     240.8600     240.8600      18.1467    -207.4489      18.1467 8.706442e-03 3.482577e-02 1.606638e-01 4.090146e-01 3.278113e-01
  0.2000   107.5000 3.551669e-02 3.284906e-01  1     417.3262     588.3279     125.8499     231.2390     231.2390      14.1427    -204.5658      14.1427 7.103338e-03 2.841335e-02 1.480935e-01 3.973246e-01 3.195285e-01
  0.2000   110.0000 2.894264e-02 3.117466e-01  1     384.5067     555.8625     113.6271     221.1177     221.1177      11.0151    -201.8687      11.0151 5.788528e-03 2.315411e-02 1.343448e-01 3.847190e-01 3.104605e-01
  0.2000   112.5000 2.347774e-02 2.960560e-01  1     349.6056     521.5481     100.8074     210.3704     210.3704       8.5463    -199.3854       8.5463 4.695548e-03 1.878219e-02 1.191012e-01 3.709073e-01 3.003554e-01
  0.2000   115.0000 1.888666e-02 2.805038e-01  1     312.2729     484.9412      87.2713     198.8349     198.8349       6.5810    -197.1013       6.5810 3.777332e-03 1.510933e-02 1.020397e-01 3.555212e-01 2.888955e-01
  0.2000   117.5000 1.500298e-02 2.643853e-01  1     272.1581     445.5056      72.9224     186.2916     186.2916       5.0084    -194.9192       5.0084 3.000596e-03 1.200238e-02 8.285802e-02 3.380683e-01 2.756585e-01
  0.2000   120.0000 1.171434e-02 2.470591e-01  1     229.0788     402.6336      57.7659     172.4338     172.4338       3.7497    -192.5396       3.7497 2.342869e-03 9.371474e-03 6.141855e-02 3.178606e-01 2.600572e-01
  0.3000     0.0000 7.905997e-01 1.885090e+00  1    1297.4980    1614.6138     483.9163     565.3487     565.3487     377.8793    -407.7316     377.8793 2.371799e-01 5.534198e-01 6.663811e-01 1.210657e+00 1.015951e+00
  0.3000     0.1000 7.906042e-01 1.885095e+00  1    1297.5022    1614.6229     483.9162     565.3533     565.3533     377.8798    -407.7320     377.8798 2.371812e-01 5.534229e-01 6.663833e-01 1.210701e+00 1.015916e+00
  0.3000     2.5000 7.904762e-01 1.884731e+00  1    1297.3026    1614.3241     483.8383     565.2429     565.2429     377.8051    -407.5848     377.8051 2.371429e-01 5.533333e-01 6.663925e-01 1.210372e+00 1.015627e+00
  0.3000     5.0000 7.900902e-01 1.883638e+00  1    1296.7000    1613.4236     483.6033     564.9102     564.9102     377.5803    -407.1420     377.5803 2.370271e-01 5.530631e-01 6.664165e-01 1.209379e+00 1.014754e+00
  0.3000     7.5000 7.894411e-01 1.881813e+00  1    1295.6846    1611.9116     483.2074     564.3521     564.3521     377.2046    -406.4031     377.2046 2.368323e-01 5.526088e-01 6.664427e-01 1.207712e+00 1.013287e+00
  0.3000    10.0000 7.885190e-01 1.879252e+00  1    1294.2371    1609.7688     482.6436     563.5626     563.5626     376.6761    -405.3663     376.6761 2.365557e-01 5.519633e-01 6.664471e-01 1.205347e+00 1.011205e+00
  0.3000    12.5000 7.873101e-01 1.875947e+00  1    1292.3310    1606.9680     481.9021     562.5329     562.5329     375.9922    -404.0285     375.9922 2.361930e-01 5.511171e-01 6.663978e-01 1.202250e+00 1.008475e+00
  0.3000    15.0000 7.857987e-01 1.871890e+00  1    1289.9377    1603.4782     480.9725     561.2528     561.2528     375.1499    -402.3839     375.1499 2.357396e-01 5.500591e-01 6.662622e-01 1.198382e+00 1.005062e+00
  0.3000    17.5000 7.839689e-01 1.867068e+00  1    1287.0312    1599.2683     479.8453     559.7115     559.7115     374.1462    -400.4235     374.1462 2.351907e-01 5.487783e-01 6.660129e-01 1.193701e+00 1.000925e+00
  0.3000    20.0000 7.818057e-01 1.861464e+00  1    1283.5899    1594.3091     478.5127     557.8982     557.8982     372.9776    -398.1350     372.9776 2.345417e-01 5.472640e-01 6.656300e-01 1.188165e+00 9.960287e-01
  0.3000    22.5000 7.792945e-01 1.855060e+00  1    1279.5963    1588.5734     476.9685     555.8025     555.8025     371.6410    -395.5030     371.6410 2.337884e-01 5.455062e-01 6.651003e-01 1.181734e+00 9.903354e-01
  0.3000    25.0000 7.764204e-01 1.847834e+00  1    1275.0361    1582.0351     475.2075     553.4138     553.4138     370.1328    -392.5095     370.1328 2.329261e-01 5.434943e-01 6.644145e-01 1.174372e+00 9.838113e-01
  0.3000    27.5000 7.731675e-01 1.839760e+00  1    1269.8957    1574.6676     473.2246     550.7215     550.7215     368.4490    -389.1346     368.4490 2.319503e-01 5.412173e-01 6.635650e-01 1.166040e+00 9.764233e-01
  0.3000    30.0000 7.695179e-01 1.830812e+00  1    1264.1616    1566.4435     471.0148     547.7143     547.7143     366.5851    -385.3561     366.5851 2.308554e-01 5.386626e-01 6.625428e-01 1.156701e+00 9.681389e-01
  0.3000    32.5000 7.654511e-01 1.820958e+00  1    1257.8185    1557.3325     468.5720     544.3803     544.3803     364.5360    -381.1499     364.5360 2.296353e-01 5.358158e-01 6.613364e-01 1.146319e+00 9.589253e-01
  0.3000    35.0000 7.609433e-01 1.810167e+00  1    1250.8486    1547.3013     465.8891     540.7061     540.7061     362.2956    -376.4901     362.2956 2.282830e-01 5.326603e-01 6.599298e-01 1.134855e+00 9.487494e-01
  0.3000    37.5000 7.559665e-01 1.798403e+00  1    1243.2305    1536.3119     462.9573     536.6773     536.6773     359.8568    -371.3479     359.8568 2.267900e-01 5.291766e-01 6.583013e-01 1.122267e+00 9.375766e-01
  0.3000    40.0000 7.504880e-01 1.785628e+00  1    1234.9387    1524.3214     459.7660     532.2777     532.2777     357.2112    -365.6920     357.2112 2.251464e-01 5.253416e-01 6.564224e-01 1.108514e+00 9.253704e-01
  0.3000    42.5000 7.444694e-01 1.771801e+00  1    1225.9423    1511.2800     456.3022     527.4889     527.4889     354.3490    -359.4877     354.3490 2.233408e-01 5.211286e-01 6.542567e-01 1.093550e+00 9.120918e-01
  0.3000    45.0000 7.378651e-01 1.756877e+00  1    1216.2038    1497.1303     452.5501     522.2901     522.2901     351.2585    -352.6962     351.2585 2.213595e-01 5.165056e-01 6.517586e-01 1.077323e+00 8.976981e-01
  0.3000    47.5000 7.306210e-01 1.740809e+00  1    1205.6784    1481.8054     448.4904     516.6575     516.6575     347.9257    -345.2738     347.9257 2.191863e-01 5.114347e-01 6.488712e-01 1.059777e+00 8.821424e-01
  0.3000    50.0000 7.226726e-01 1.723542e+00  1    1194.3115    1465.2268     444.0997     510.5635     510.5635     344.3339    -337.1710     344.3339 2.168018e-01 5.058708e-01 6.455250e-01 1.040850e+00 8.653719e-01
  0.3000    52.5000 7.139420e-01 1.705018e+00  1    1182.0370    1447.3017     439.3496     503.9760     503.9760     340.4627    -328.3316     340.4627 2.141826e-01 4.997594e-01 6.416347e-01 1.020469e+00 8.473267e-01
  0.3000    55.0000 7.043346e-01 1.685172e+00  1    1168.7741    1427.9196     434.2051     496.8572     496.8572     336.2871    -318.6906     336.2871 2.113004e-01 4.930342e-01 6.370961e-01 9.985534e-01 8.279378e-01
  0.3000    57.5000 6.937339e-01 1.663927e+00  1    1154.4234    1406.9475     428.6231     489.1622     489.1622     331.7760    -308.1738     331.7760 2.081202e-01 4.856137e-01 6.317816e-01 9.750058e-01 8.071248e-01
  0.3000    60.0000 6.819950e-01 1.641201e+00  1    1138.8616    1384.2243     422.5500     480.8371     480.8371     326.8901    -296.6952     326.8901 2.045985e-01 4.773965e-01 6.255346e-01 9.497133e-01 7.847932e-01
  0.3000    62.5000 6.689350e-01 1.616893e+00  1    1121.9338    1359.5524     415.9188     471.8168     471.8168     321.5791    -284.1564     321.5791 2.006805e-01 4.682545e-01 6.181614e-01 9.225416e-01 7.608310e-01
  0.3000    65.0000 6.543193e-01 1.590890e+00  1    1103.4437    1332.6873     408.6446     462.0213     462.0213     315.7770    -270.4461     315.7770 1.962958e-01 4.580235e-01 6.094217e-01 8.933299e-01 7.351043e-01
  0.3000    67.5000 6.378420e-01 1.563057e+00  1    1083.1387    1303.3235     400.6188     451.3523     451.3523     309.3960    -255.4416     309.3960 1.913526e-01 4.464894e-01 5.990145e-01 8.618853e-01 7.074535e-01
  0.3000    70.0000 6.190974e-01 1.533229e+00  1    1060.6902    1271.0766     391.7013     439.6876     439.6876     302.3155    -239.0181     302.3155 1.857292e-01 4.333682e-01 5.865624e-01 8.279784e-01 6.776901e-01
  0.3000    72.5000 5.975395e-01 1.501207e+00  1    1035.6673    1235.4642     381.7109     426.8767     426.8767     294.3669    -221.0702     294.3669 1.792619e-01 4.182777e-01 5.715929e-01 7.913445e-01 6.456001e-01
  0.3000    75.0000 5.724272e-01 1.466742e+00  1    1007.5067    1195.8937     370.4153     412.7392     412.7392     285.3087    -201.5685     285.3087 1.717282e-01 4.006990e-01 5.535259e-01 7.517041e-01 6.109648e-01
  0.3000    77.5000 5.427679e-01 1.429519e+00  1     975.4959    1151.6887     357.5302     397.0792     397.0792     274.7909    -180.6882     274.7909 1.628304e-01 3.799375e-01 5.316928e-01 7.088402e-01 5.736343e-01
  0.3000    80.0000 5.073215e-01 1.389121e+00  1     938.8361    1102.2503     342.7536     379.7483     379.7483     262.3156    -159.0827     262.3156 1.521965e-01 3.551251e-01 5.054577e-01 6.628261e-01 5.337338e-01
  0.3000    82.5000 4.648768e-01 1.344991e+00  1     896.9636    1047.5649     325.9055     360.8297     360.8297     247.2411    -138.3491     247.2411 1.394630e-01 3.254138e-01 4.745998e-01 6.145673e-01 4.921435e-01
  0.3000    85.0000 4.151820e-01 1.296337e+00  1     850.3758     989.2191     307.2418     340.9887     340.9887     228.9628    -121.3587     228.9628 1.245546e-01 2.906274e-01 4.400644e-01 5.666362e-01 4.512098e-01
  0.3000    87.5000 3.602520e-01 1.241983e+00  1     801.4889     931.0052     287.7139     321.6456     321.6456     207.3413    -111.2742     207.3413 1.080756e-01 2.521764e-01 4.044260e-01 5.232603e-01 4.146666e-01
  0.3000    90.0000 3.039937e-01 1.180033e+00  1     753.7729     877.1026     268.5457     304.2784     304.2784     182.9119    -109.0778     182.9119 9.119811e-02 2.127956e-01 3.706629e-01 4.879540e-01 3.855026e-01
  0.3000    92.5000 2.499622e-01 1.107057e+00  1     709.5883     829.4006     250.4630     289.4688     289.4688     156.5428    -112.8125     156.5428 7.498865e-02 1.749735e-01 3.403645e-01 4.612667e-01 3.640506e-01
  0.3000    95.0000 2.006044e-01 1.015499e+00  1     669.6261     787.5093     233.6557     276.9268     276.9268     129.3673    -119.3394     129.3673 6.018131e-02 1.404230e-01 3.138149e-01 4.415205e-01 3.487307e-01
  0.3000    97.5000 1.579251e-01 8.793093e-01  1     633.5939     750.1505     218.1518     265.9994     265.9994     103.1586    -125.8714     103.1586 4.737754e-02 1.105476e-01 2.909136e-01 4.264158e-01 3.374792e-01
  0.3000   100.0000 1.232438e-01 4.494688e-01  1     600.6103     715.9171     203.9135     256.0018     256.0018      80.0211    -130.7073      80.0211 3.697314e-02 8.627066e-02 2.713705e-01 4.138766e-01 3.284679e-01
  0.3000   102.5000 9.638461e-02 3.913846e-01  1     569.4486     683.5064     190.7274     246.3895     246.3895      61.2198    -133.4328      61.2198 2.891538e-02 6.746923e-02 2.544919e-01 4.024127e-01 3.203970e-01
  0.3000   105.0000 7.596940e-02 3.547216e-01  1     538.9287     651.8473     178.2344     236.8064     236.8064      46.7087    -134.4464      46.7087 2.279082e-02 5.317858e-02 2.393120e-01 3.911379e-01 3.124963e-01
  0.3000   107.5000 6.037326e-02 3.319355e-01  1     508.1491     620.1343     166.0660     227.0342     227.0342      35.7239    -134.3330      35.7239 1.811198e-02 4.226128e-02 2.249117e-01 3.795498e-01 3.043291e-01
  0.3000   110.0000 4.826148e-02 3.131831e-01  1     476.4633     587.7600     153.9168     216.9216     216.9216      27.4068    -133.5662      27.4068 1.447844e-02 3.378303e-02 2.105545e-01 3.673146e-01 2.956051e-01
  0.3000   112.5000 3.867175e-02 2.962649e-01  1     443.3678     554.2187     141.5426     206.3381     206.3381      21.0532    -132.4652      21.0532 1.160152e-02 2.707022e-02 1.956600e-01 3.541435e-01 2.860728e-01
  0.3000   115.0000 3.093720e-02 2.799271e-01  1     408.4010     519.0231     128.7341     195.1445     195.1445      16.1431    -131.2291      16.1431 9.281159e-03 2.165604e-02 1.797332e-01 3.397268e-01 2.754638e-01
  0.3000   117.5000 2.459654e-02 2.632975e-01  1     371.0661     481.6297     115.2892     183.1702     183.1702      12.3051    -129.9699      12.3051 7.378962e-03 1.721758e-02 1.622993e-01 3.236865e-01 2.634515e-01
  0.3000   120.0000 1.932692e-02 2.456447e-01  1     330.7668     441.3588     100.9904     170.1842     170.1842       9.2748    -128.7191       9.2748 5.798076e-03 1.352884e-02 1.428533e-01 3.055166e-01 2.496012e-01
  0.4000     0.0000 9.687602e-01 1.898240e+00  1    1530.1262    1799.4170     573.3838     613.0166     613.0166     445.0606    -320.4660     445.0606 3.875041e-01 5.812561e-01 1.056670e+00 1.375496e+00 1.171839e+00
  0.4000     0.1000 9.687660e-01 1.898245e+00  1    1530.1329    1799.4283     573.3845     613.0219     613.0219     445.0613    -320.4654     445.0613 3.875064e-01 5.812596e-01 1.056677e+00 1.375547e+00 1.171800e+00
  0.4000     2.5000 9.686267e-01 1.897888e+00  1    1529.9153    1799.1183     573.2950     612.9117     612.9117     444.9938    -320.2943     444.9938 3.874507e-01 5.811760e-01 1.056580e+00 1.375214e+00 1.171504e+00
  0.4000     5.0000 9.682073e-01 1.896815e+00  1    1529.2601    1798.1855     573.0257     612.5799     612.5799     444.7910    -319.7797     444.7910 3.872829e-01 5.809244e-01 1.056286e+00 1.374211e+00 1.170614e+00
  0.4000     7.5000 9.675056e-01 1.895025e+00  1    1528.1633    1796.6256     572.5749     612.0253     612.0253     444.4523    -318.9209     444.4523 3.870023e-01 5.805034e-01 1.055788e+00 1.372535e+00 1.169125e+00
  0.4000    10.0000 9.665171e-01 1.892513e+00  1    1526.6161    1794.4296     571.9395     611.2451     611.2451     443.9770    -317.7162     443.9770 3.866068e-01 5.799103e-01 1.055074e+00 1.370174e+00 1.167028e+00
  0.4000    12.5000 9.652348e-01 1.889272e+00  1    1524.6057    1791.5839     571.1145     610.2347     610.2347     443.3636    -316.1632     443.3636 3.860939e-01 5.791409e-01 1.054122e+00 1.367114e+00 1.164309e+00
  0.4000    15.0000 9.636497e-01 1.885293e+00  1    1522.1148    1788.0701     570.0935     608.9883     608.9883     442.6104    -314.2577     442.6104 3.854599e-01 5.781898e-01 1.052908e+00 1.363331e+00 1.160946e+00
  0.4000    17.5000 9.617507e-01 1.880564e+00  1    1519.1239    1783.8664     568.8689     607.4987     607.4987     441.7152    -311.9937     441.7152 3.847003e-01 5.770504e-01 1.051402e+00 1.358800e+00 1.156916e+00
  0.4000    20.0000 9.595254e-01 1.875071e+00  1    1515.6121    1778.9481     567.4328     605.7577     605.7577     440.6756    -309.3619     440.6756 3.838102e-01 5.757152e-01 1.049574e+00 1.353490e+00 1.152190e+00
  0.4000    22.5000 9.569602e-01 1.868794e+00  1    1511.5582    1773.2893     565.7769     603.7562     603.7562     439.4887    -306.3503     439.4887 3.827841e-01 5.741761e-01 1.047393e+00 1.347369e+00 1.146738e+00
  0.4000    25.0000 9.540403e-01 1.861713e+00  1    1506.9414    1766.8624     563.8925     601.4850     601.4850     438.1514    -302.9435     438.1514 3.816161e-01 5.724242e-01 1.044831e+00 1.340402e+00 1.140530e+00
  0.4000    27.5000 9.507495e-01 1.853804e+00  1    1501.7410    1759.6390     561.7710     598.9340     598.9340     436.6603    -299.1233     436.6603 3.802998e-01 5.704497e-01 1.041858e+00 1.332555e+00 1.133533e+00
  0.4000    30.0000 9.470699e-01 1.845040e+00  1    1495.9358    1751.5892     559.4034     596.0929     596.0929     435.0113    -294.8687     435.0113 3.788280e-01 5.682419e-01 1.038443e+00 1.323792e+00 1.125717e+00
  0.4000    32.5000 9.429819e-01 1.835394e+00  1    1489.5038    1742.6813     556.7800     592.9507     592.9507     433.2001    -290.1562     433.2001 3.771927e-01 5.657891e-01 1.034555e+00 1.314079e+00 1.117050e+00
  0.4000    35.0000 9.384632e-01 1.824833e+00  1    1482.4215    1732.8814     553.8902     589.4956     589.4956     431.2217    -284.9601     431.2217 3.753853e-01 5.630779e-01 1.030156e+00 1.303378e+00 1.107499e+00
  0.4000    37.5000 9.334888e-01 1.813325e+00  1    1474.6630    1722.1524     550.7223     585.7150     585.7150     429.0703    -279.2518     429.0703 3.733955e-01 5.600933e-01 1.025207e+00 1.291654e+00 1.097032e+00
  0.4000    40.0000 9.280305e-01 1.800834e+00  1    1466.1998    1710.4539     547.2632     581.5953     581.5953     426.7395    -273.0005     426.7395 3.712122e-01 5.568183e-01 1.019663e+00 1.278867e+00 1.085615e+00
  0.4000    42.5000 9.220560e-01 1.787320e+00  1    1456.9992    1697.7407     543.4980     577.1214     577.1214     424.2216    -266.1721     424.2216 3.688224e-01 5.532336e-01 1.013471e+00 1.264976e+00 1.073213e+00
  0.4000    45.0000 9.155283e-01 1.772743e+00  1    1447.0242    1683.9624     539.4095     572.2765     572.2765     421.5081    -258.7294     421.5081 3.662113e-01 5.493170e-01 1.006572e+00 1.249938e+00 1.059788e+00
  0.4000    47.5000 9.084046e-01 1.757056e+00  1    1436.2322    1669.0618     534.9782     567.0418     567.0418     418.5888    -250.6313     418.5888 3.633618e-01 5.450428e-01 9.988957e-01 1.233706e+00 1.045299e+00
  0.4000    50.0000 9.006355e-01 1.740210e+00  1    1424.5736    1652.9736     530.1814     561.3961     561.3961     415.4519    -241.8326     415.4519 3.602542e-01 5.403813e-01 9.903640e-01 1.216227e+00 1.029700e+00
  0.4000    52.5000 8.921630e-01 1.722152e+00  1    1411.9904    1635.6225     524.9926     555.3149     555.3149     412.0834    -232.2827     412.0834 3.568652e-01 5.352978e-01 9.808857e-01 1.197440e+00 1.012941e+00
  0.4000    55.0000 8.829183e-01 1.702818e+00  1    1398.4141    1616.9206     519.3810     548.7698     548.7698     408.4666    -221.9256     408.4666 3.531673e-01 5.297510e-01 9.703560e-01 1.177277e+00 9.949608e-01
  0.4000    57.5000 8.728196e-01 1.682143e+00  1    1383.7631    1596.7647     513.3099     541.7274     541.7274     404.5815    -210.6988     404.5815 3.491278e-01 5.236918e-01 9.586540e-01 1.155656e+00 9.756893e-01
  0.4000    60.0000 8.617677e-01 1.660047e+00  1    1367.9389    1575.0313     506.7361     534.1476     534.1476     400.4038    -198.5326     400.4038 3.447071e-01 5.170606e-01 9.456397e-01 1.132478e+00 9.550408e-01
  0.4000    62.5000 8.496409e-01 1.636441e+00  1    1350.8213    1551.5715     499.6075     525.9820     525.9820     395.9029    -185.3494     395.9029 3.398564e-01 5.097845e-01 9.311506e-01 1.107623e+00 9.329102e-01
  0.4000    65.0000 8.362876e-01 1.611224e+00  1    1332.2612    1526.2023     491.8610     517.1707     517.1707     391.0410    -171.0636     391.0410 3.345150e-01 5.017725e-01 9.149967e-01 1.080939e+00 9.091644e-01
  0.4000    67.5000 8.215149e-01 1.584272e+00  1    1312.0707    1498.6947     483.4190     507.6379     507.6379     385.7689    -155.5819     385.7689 3.286060e-01 4.929090e-01 8.969540e-01 1.052230e+00 8.836322e-01
  0.4000    70.0000 8.050721e-01 1.555441e+00  1    1290.0072    1468.7563     474.1847     497.2858     497.2858     380.0220    -138.8047     380.0220 3.220288e-01 4.830432e-01 8.767553e-01 1.021239e+00 8.560880e-01
  0.4000    72.5000 7.866236e-01 1.524557e+00  1    1265.7502    1436.0037     464.0342     485.9848     485.9848     373.7130    -120.6300     373.7130 3.146494e-01 4.719741e-01 8.540758e-01 9.876200e-01 8.262271e-01
  0.4000    75.0000 7.657058e-01 1.491403e+00  1    1238.8624    1399.9187     452.8048     473.5569     473.5569     366.7187    -100.9619     366.7187 3.062823e-01 4.594235e-01 8.285095e-01 9.508936e-01 7.936280e-01
  0.4000    77.5000 7.416515e-01 1.455708e+00  1    1208.7245    1359.7751     440.2750     459.7501     459.7501     358.8586     -79.7264     358.8586 2.966606e-01 4.449909e-01 7.995265e-01 9.103784e-01 7.576920e-01
  0.4000    80.0000 7.134522e-01 1.417124e+00  1    1174.4189    1314.5108     426.1273     444.1918     444.1918     349.8528     -56.9054     349.8528 2.853809e-01 4.280713e-01 7.663939e-01 8.650775e-01 7.175461e-01
  0.4000    82.5000 6.794910e-01 1.375189e+00  1    1134.5131    1262.4964     409.8797     426.3084     426.3084     339.2369     -32.6115     339.2369 2.717964e-01 4.076946e-01 7.280184e-01 8.134966e-01 6.718885e-01
  0.4000    85.0000 6.370105e-01 1.329269e+00  1    1086.6581    1201.1317     390.7557     405.1880     405.1880     326.1773      -7.2937     326.1773 2.548042e-01 3.822063e-01 6.826546e-01 7.533899e-01 6.187834e-01
  0.4000    87.5000 5.811962e-01 1.278451e+00  1    1027.0348    1126.4220     367.5131     379.4545     379.4545     309.0789      17.5928     309.0789 2.324785e-01 3.487177e-01 6.275745e-01 6.817976e-01 5.557479e-01
  0.4000    90.0000 5.057073e-01 1.221340e+00  1     951.6936    1035.1997     338.9551     348.1223     348.1223     285.2417      37.4453     285.2417 2.022829e-01 3.034244e-01 5.606941e-01 5.983893e-01 4.828278e-01
  0.4000    92.5000 4.153160e-01 1.155594e+00  1     868.3028     938.9433     307.9829     315.4802     315.4802     253.8168      43.3394     253.8168 1.661264e-01 2.491896e-01 4.909182e-01 5.185052e-01 4.139905e-01
  0.4000    95.0000 3.322315e-01 1.076700e+00  1     796.8239     860.5871     281.4390     289.5740     289.5740     219.9212      34.4940     219.9212 1.328926e-01 1.993389e-01 4.354928e-01 4.627864e-01 3.671377e-01
  0.4000    97.5000 2.640743e-01 9.733540e-01  1     740.6393     801.4119     260.1656     270.6232     270.6232     186.7007      18.9839     186.7007 1.056297e-01 1.584446e-01 3.949919e-01 4.277643e-01 3.386399e-01
  0.4000   100.0000 2.079479e-01 7.814519e-01  1     694.5713     754.0033     242.2013     255.9010     255.9010     154.3959       1.9548     154.3959 8.317916e-02 1.247687e-01 3.636196e-01 4.043742e-01 3.203206e-01
  0.4000   102.5000 1.618233e-01 4.021359e-01  1     654.7181     713.3472     226.2293     243.5589     243.5589     123.7224     -13.9427     123.7224 6.472933e-02 9.709400e-02 3.377667e-01 3.872236e-01 3.074118e-01
  0.4000   105.0000 1.249739e-01 3.603875e-01  1     618.6013     676.5063     211.5818     232.4622     232.4622      96.2933     -27.1221      96.2933 4.998956e-02 7.498433e-02 3.156273e-01 3.732223e-01 2.972158e-01
  0.4000   107.5000 9.652032e-02 3.339273e-01  1     584.4455     641.6093     197.8650     221.8721     221.8721      73.5158     -37.0062      73.5158 3.860813e-02 5.791219e-02 2.961141e-01 3.604711e-01 2.880890e-01
  0.4000   110.0000 7.494158e-02 3.132941e-01  1     550.9124     607.3692     184.7358     211.3167     211.3167      55.6559     -43.9303      55.6559 2.997663e-02 4.496495e-02 2.782848e-01 3.478279e-01 2.790477e-01
  0.4000   112.5000 5.854177e-02 2.952731e-01  1     517.0120     572.8569     171.8584     200.4993     200.4993      42.0492     -48.6309      42.0492 2.341671e-02 3.512506e-02 2.612485e-01 3.346166e-01 2.695097e-01
  0.4000   115.0000 4.589631e-02 2.782433e-01  1     481.9865     537.3432     158.9230     189.2101     189.2101      31.7501     -51.8155      31.7501 1.835852e-02 2.753779e-02 2.442151e-01 3.203794e-01 2.590801e-01
  0.4000   117.5000 3.595952e-02 2.611691e-01  1     445.1745     500.1679     145.6457     177.2611     177.2611      23.9125     -54.0140      23.9125 1.438381e-02 2.157571e-02 2.264876e-01 3.047107e-01 2.474086e-01
  0.4000   120.0000 2.800122e-02 2.432403e-01  1     405.8844     460.6203     131.7438     164.4383     164.4383      17.8873     -55.5839      17.8873 1.120049e-02 1.680073e-02 2.074004e-01 2.871499e-01 2.340984e-01
  0.5000     0.0000 1.338311e+00 1.892966e+00  1    2226.8797    2226.8797     764.9667     730.9565     730.9565     533.9525     420.5852     533.9525 6.691553e-01 6.691553e-01 2.163843e+00 1.784848e+00 1.561763e+00
  0.5000     0.1000 1.338318e+00 1.892971e+00  1    2226.8939    2226.8939     764.9698     730.9621     730.9621     533.9533     420.5943     533.9533 6.691592e-01 6.691592e-01 2.163876e+00 1.784905e+00 1.561706e+00
  0.5000     2.5000 1.338143e+00 1.892619e+00  1    2226.5393    2226.5393     764.8530     730.8431     730.8431     533.8916     420.5253     533.8916 6.690716e-01 6.690716e-01 2.163457e+00 1.784540e+00 1.561376e+00
  0.5000     5.0000 1.337616e+00 1.891560e+00  1    2225.4731    2225.4731     764.5020     730.4855     730.4855     533.7060     420.3179     533.7060 6.688082e-01 6.688082e-01 2.162199e+00 1.783443e+00 1.560381e+00
  0.5000     7.5000 1.336737e+00 1.889792e+00  1    2223.6935    2223.6935     763.9160     729.8887     729.8887     533.3963     419.9720     533.3963 6.683686e-01 6.683686e-01 2.160098e+00 1.781612e+00 1.558720e+00
  0.5000    10.0000 1.335504e+00 1.887311e+00  1    2221.1967    2221.1967     763.0940     729.0514     729.0514     532.9622     419.4870     532.9622 6.677518e-01 6.677518e-01 2.157150e+00 1.779042e+00 1.556389e+00
  0.5000    12.5000 1.333912e+00 1.884111e+00  1    2217.9767    2217.9767     762.0337     727.9715     727.9715     532.4031     418.8622     532.4031 6.669562e-01 6.669562e-01 2.153346e+00 1.775726e+00 1.553382e+00
  0.5000    15.0000 1.331960e+00 1.880183e+00  1    2214.0253    2214.0253     760.7327     726.6463     726.6463     531.7180     418.0968     531.7180 6.659800e-01 6.659800e-01 2.148675e+00 1.771654e+00 1.549688e+00
  0.5000    17.5000 1.329641e+00 1.875514e+00  1    2209.3320    2209.3320     759.1873     725.0724     725.0724     530.9059     417.1895     530.9059 6.648205e-01 6.648205e-01 2.143122e+00 1.766814e+00 1.545297e+00
  0.5000    20.0000 1.326949e+00 1.870091e+00  1    2203.8834    2203.8834     757.3931     723.2451     723.2451     529.9655     416.1389     529.9655 6.634744e-01 6.634744e-01 2.136667e+00 1.761188e+00 1.540193e+00
  0.5000    22.5000 1.323875e+00 1.863895e+00  1    2197.6637    2197.6637     755.3450     721.1593     721.1593     528.8952     414.9432     528.8952 6.619376e-01 6.619376e-01 2.129288e+00 1.754758e+00 1.534359e+00
  0.5000    25.0000 1.320411e+00 1.856906e+00  1    2190.6544    2190.6544     753.0367     718.8088     718.8088     527.6931     413.6003     527.6931 6.602053e-01 6.602053e-01 2.120959e+00 1.747500e+00 1.527772e+00
  0.5000    27.5000 1.316543e+00 1.849101e+00  1    2182.8345    2182.8345     750.4613     716.1866     716.1866     526.3568     412.1078     526.3568 6.582717e-01 6.582717e-01 2.111650e+00 1.739389e+00 1.520410e+00
  0.5000    30.0000 1.312260e+00 1.840454e+00  1    2174.1806    2174.1806     747.6110     713.2848     713.2848     524.8837     410.4629     524.8837 6.561298e-01 6.561298e-01 2.101327e+00 1.730398e+00 1.512247e+00
  0.5000    32.5000 1.307544e+00 1.830937e+00  1    2164.6664    2164.6664     744.4771     710.0946     710.0946     523.2708     408.6624     523.2708 6.537720e-01 6.537720e-01 2.089955e+00 1.720494e+00 1.503255e+00
  0.5000    35.0000 1.302378e+00 1.820520e+00  1    2154.2634    2154.2634     741.0501     706.6066     706.6066     521.5145     406.7028     521.5145 6.511892e-01 6.511892e-01 2.077493e+00 1.709645e+00 1.493402e+00
  0.5000    37.5000 1.296743e+00 1.809170e+00  1    2142.9401    2142.9401     737.3196     702.8103     702.8103     519.6110     404.5800     519.6110 6.483715e-01 6.483715e-01 2.063898e+00 1.697814e+00 1.482656e+00
  0.5000    40.0000 1.290615e+00 1.796853e+00  1    2130.6620    2130.6620     733.2739     698.6940     698.6940     517.5557     402.2895     517.5557 6.453075e-01 6.453075e-01 2.049123e+00 1.684963e+00 1.470982e+00
  0.5000    42.5000 1.283969e+00 1.783531e+00  1    2117.3912    2117.3912     728.9005     694.2453     694.2453     515.3435     399.8263     515.3435 6.419844e-01 6.419844e-01 2.033118e+00 1.671048e+00 1.458341e+00
  0.5000    45.0000 1.276776e+00 1.769164e+00  1    2103.0859    2103.0859     724.1855     689.4502     689.4502     512.9689     397.1847     512.9689 6.383881e-01 6.383881e-01 2.015827e+00 1.656025e+00 1.444691e+00
  0.5000    47.5000 1.269005e+00 1.753707e+00  1    2087.6997    2087.6997     719.1133     684.2932     684.2932     510.4252     394.3581     510.4252 6.345024e-01 6.345024e-01 1.997189e+00 1.639843e+00 1.429988e+00
  0.5000    50.0000 1.260618e+00 1.737114e+00  1    2071.1808    2071.1808     713.6667     678.7570     678.7570     507.7050     391.3395     507.7050 6.303091e-01 6.303091e-01 1.977136e+00 1.622446e+00 1.414180e+00
  0.5000    52.5000 1.251575e+00 1.719332e+00  1    2053.4708    2053.4708     707.8262     672.8223     672.8223     504.7999     388.1204     504.7999 6.257873e-01 6.257873e-01 1.955594e+00 1.603774e+00 1.397214e+00
  0.5000    55.0000 1.241827e+00 1.700303e+00  1    2034.5036    2034.5036     701.5696     666.4670     666.4670     501.7001     384.6914     501.7001 6.209135e-01 6.209135e-01 1.932478e+00 1.583757e+00 1.379026e+00
  0.5000    57.5000 1.231320e+00 1.679960e+00  1    2014.2035    2014.2035     694.8717     659.6659     659.6659     498.3943     381.0416     498.3943 6.156602e-01 6.156602e-01 1.907691e+00 1.562316e+00 1.359545e+00
  0.5000    60.0000 1.219991e+00 1.658231e+00  1    1992.4828    1992.4828     687.7031     652.3898     652.3898     494.8690     377.1582     494.8690 6.099954e-01 6.099954e-01 1.881122e+00 1.539362e+00 1.338690e+00
  0.5000    62.5000 1.207763e+00 1.635030e+00  1    1969.2389    1969.2389     680.0294     644.6047     644.6047     491.1086     373.0264     491.1086 6.038816e-01 6.038816e-01 1.852643e+00 1.514790e+00 1.316366e+00
  0.5000    65.0000 1.194548e+00 1.610260e+00  1    1944.3507    1944.3507     671.8101     636.2703     636.2703     487.0942     368.6282     487.0942 5.972738e-01 5.972738e-01 1.822102e+00 1.488475e+00 1.292462e+00
  0.5000    67.5000 1.180236e+00 1.583806e+00  1    1917.6725    1917.6725     662.9963     627.3381     627.3381     482.8030     363.9424     482.8030 5.901179e-01 5.901179e-01 1.789315e+00 1.460271e+00 1.266845e+00
  0.5000    70.0000 1.164695e+00 1.555531e+00  1    1889.0271    1889.0271     653.5285     617.7493     617.7493     478.2067     358.9428     478.2067 5.823477e-01 5.823477e-01 1.754063e+00 1.429999e+00 1.239352e+00
  0.5000    72.5000 1.147760e+00 1.525273e+00  1    1858.1944    1858.1944     643.3328     607.4308     607.4308     473.2700     353.5968     473.2700 5.738802e-01 5.738802e-01 1.716072e+00 1.397436e+00 1.209783e+00
  0.5000    75.0000 1.129219e+00 1.492830e+00  1    1824.8957    1824.8957     632.3155     596.2901     596.2901     467.9475     347.8630     467.9475 5.646096e-01 5.646096e-01 1.674994e+00 1.362303e+00 1.177884e+00
  0.5000    77.5000 1.108795e+00 1.457952e+00  1    1788.7687    1788.7687     620.3547     584.2070     584.2070     462.1795     341.6873     462.1795 5.543974e-01 5.543974e-01 1.630383e+00 1.324236e+00 1.143326e+00
  0.5000    80.0000 1.086113e+00 1.420319e+00  1    1749.3279    1749.3279     607.2869     571.0205     571.0205     455.8848     334.9968     455.8848 5.430567e-01 5.430567e-01 1.581635e+00 1.282750e+00 1.105671e+00
  0.5000    82.5000 1.060648e+00 1.379510e+00  1    1705.8963    1705.8963     592.8840     556.5062     556.5062     448.9485     327.6891     448.9485 5.303242e-01 5.303242e-01 1.527918e+00 1.237169e+00 1.064308e+00
  0.5000    85.0000 1.031620e+00 1.334958e+00  1    1657.4804    1657.4804     576.8107     540.3349     540.3349     441.1986     319.6126     441.1986 5.158100e-01 5.158100e-01 1.468007e+00 1.186506e+00 1.018345e+00
  0.5000    87.5000 9.977870e-01 1.285855e+00  1    1602.5164    1602.5164     558.5387     521.9889     521.9889     432.3589     310.5262     432.3589 4.988935e-01 4.988935e-01 1.399986e+00 1.129215e+00 9.663856e-01
  0.5000    90.0000 9.569564e-01 1.230995e+00  1    1538.2779    1538.2779     537.1457     500.5661     500.5661     421.9352     300.0034     421.9352 4.784782e-01 4.784782e-01 1.320527e+00 1.062615e+00 9.060128e-01
  0.5000    92.5000 9.045442e-01 1.168418e+00  1    1459.1573    1459.1573     510.7311     474.2131     474.2131     408.8774     287.1507     408.8774 4.522721e-01 4.522721e-01 1.222827e+00 9.812424e-01 8.323056e-01
  0.5000    95.0000 8.271836e-01 1.094539e+00  1    1349.1733    1349.1733     473.8643     437.6545     437.6545     390.0479     269.3485     390.0479 4.135918e-01 4.135918e-01 1.087682e+00 8.697317e-01 7.314575e-01
  0.5000    97.5000 5.352631e-01 1.001265e+00  1    1003.3433    1003.3433     355.9142     323.7146     323.7146     315.1681     207.8361     315.1681 2.676315e-01 2.676315e-01 6.809211e-01 5.452048e-01 4.410159e-01
  0.5000   100.0000 3.310201e-01 8.585622e-01  1     815.0462     815.0462     288.5024     263.2719     263.2719     240.4908     156.3891     240.4908 1.655101e-01 1.655101e-01 4.945485e-01 4.099558e-01 3.251039e-01
  0.5000   102.5000 2.504252e-01 4.204252e-01  1     747.7170     747.7170     263.0478     242.3346     242.3346     198.8345     129.7907     198.8345 1.252126e-01 1.252126e-01 4.387521e-01 3.745450e-01 2.966118e-01
  0.5000   105.0000 1.922541e-01 3.637063e-01  1     698.5840     698.5840     243.8341     227.3749     227.3749     161.9177     107.0537     161.9177 9.612703e-02 9.612703e-02 4.015649e-01 3.531392e-01 2.801716e-01
  0.5000   107.5000 1.469731e-01 3.340807e-01  1     656.9424     656.9424     227.2588     214.8418     214.8418     128.1137      86.7235     128.1137 7.348653e-02 7.348653e-02 3.723107e-01 3.371865e-01 2.683787e-01
  0.5000   110.0000 1.118505e-01 3.119485e-01  1     618.7813     618.7813     212.1319     203.3247     203.3247      98.5148      69.1576      98.5148 5.592525e-02 5.592525e-02 3.475290e-01 3.233797e-01 2.583934e-01
  0.5000   112.5000 8.515099e-02 2.930738e-01  1     581.9473     581.9473     197.8728     192.0373     192.0373      74.2544      54.8027      74.2544 4.257549e-02 4.257549e-02 3.255363e-01 3.099316e-01 2.486902e-01
  0.5000   115.0000 6.503672e-02 2.755128e-01  1     545.0578     545.0578     184.0527     180.5026     180.5026      55.3714      43.5377      55.3714 3.251836e-02 3.251836e-02 3.051100e-01 2.958033e-01 2.383836e-01
  0.5000   117.5000 4.978104e-02 2.580992e-01  1     507.0959     507.0959     170.2795     168.4082     168.4082      41.0453      34.8075      41.0453 2.489052e-02 2.489052e-02 2.851816e-01 2.803420e-01 2.269153e-01
  0.5000   120.0000 3.802016e-02 2.399667e-01  1     467.1663     467.1663     156.1748     155.4958     155.4958      30.2331      27.9697      30.2331 1.901008e-02 1.901008e-02 2.647789e-01 2.630162e-01 2.138295e-01
