# ZL+vMIT Phase Boundaries
# eta = 1.00
# eq_mode = fixed_yc
# ZL params: ZL_Constantinou
# vMIT params: B^1/4=180.0 MeV, a=0.2 fm^2
# Columns: Y_C T n_B_onset n_B_offset conv mu_p_H mu_n_H mu_u_Q mu_d_Q mu_s_Q mu_eL_H mu_eL_Q mu_eG n_p_H n_n_H n_u_Q n_d_Q n_s_Q
  0.0100     0.0000 6.147443e-01 1.298846e+00  1    1099.5493    1548.7558     489.2613     529.7472     529.7472     111.8312    -296.8893       0.0000 6.147443e-03 6.085969e-01 7.577742e-01 1.021998e+00 8.386326e-01
  0.0100     0.1000 6.147471e-01 1.298851e+00  1    1099.5508    1548.7633     489.2606     529.7513     529.7513     111.8309    -296.8908       0.0000 6.147471e-03 6.085996e-01 7.577743e-01 1.022034e+00 8.386030e-01
  0.0100     2.5000 6.144502e-01 1.298258e+00  1    1098.3137    1547.9723     488.8798     529.5462     529.5462     111.6293    -297.3627       0.0000 6.144502e-03 6.083057e-01 7.563790e-01 1.021557e+00 8.381789e-01
  0.0100     5.0000 6.135095e-01 1.296474e+00  1    1094.3362    1545.4775     487.6701     528.9037     528.9037     111.0202    -298.8875       0.0000 6.135095e-03 6.073744e-01 7.519113e-01 1.020054e+00 8.368390e-01
  0.0100     7.5000 6.119712e-01 1.293496e+00  1    1088.1704    1541.4038     485.7313     527.8363     527.8363     110.0056    -301.1229       0.0000 6.119712e-03 6.058515e-01 7.448900e-01 1.017489e+00 8.345517e-01
  0.0100    10.0000 6.098692e-01 1.289310e+00  1    1080.2744    1535.8495     483.1432     526.3531     526.3531     108.5859    -303.7793       0.0000 6.098692e-03 6.037705e-01 7.357497e-01 1.013834e+00 8.312889e-01
  0.0100    12.5000 6.072101e-01 1.283901e+00  1    1070.9066    1528.8497     479.9440     524.4529     524.4529     106.7598    -306.6745       0.0000 6.072101e-03 6.011380e-01 7.247383e-01 1.009043e+00 8.270106e-01
  0.0100    15.0000 6.039845e-01 1.277246e+00  1    1060.2192    1520.4043     476.1497     522.1273     522.1273     104.5252    -309.6824       0.0000 6.039845e-03 5.979446e-01 7.120100e-01 1.003063e+00 8.216676e-01
  0.0100    17.5000 6.001713e-01 1.269312e+00  1    1048.3040    1510.4909     471.7637     519.3636     519.3636     101.8803    -312.7067       0.0000 6.001713e-03 5.941696e-01 6.976705e-01 9.958302e-01 8.152029e-01
  0.0100    20.0000 5.957403e-01 1.260066e+00  1    1035.2140    1499.0714     466.7810     516.1452     516.1452      98.8248    -315.6684       0.0000 5.957403e-03 5.897829e-01 6.817991e-01 9.872739e-01 8.075522e-01
  0.0100    22.5000 5.906519e-01 1.249466e+00  1    1020.9750    1486.0955     461.1912     512.4522     512.4522      95.3615    -318.4981       0.0000 5.906519e-03 5.847454e-01 6.644628e-01 9.773148e-01 7.986450e-01
  0.0100    25.0000 5.848576e-01 1.237470e+00  1    1005.5922    1471.5028     454.9801     508.2613     508.2613      91.4984    -321.1310       0.0000 5.848576e-03 5.790090e-01 6.457238e-01 9.658670e-01 7.884049e-01
  0.0100    27.5000 5.782988e-01 1.224033e+00  1     989.0538    1455.2247     448.1309     503.5469     503.5469      87.2508    -323.5041       0.0000 5.782988e-03 5.725158e-01 6.256472e-01 9.528392e-01 7.767516e-01
  0.0100    30.0000 5.709063e-01 1.209112e+00  1     971.3334    1437.1867     440.6254     498.2806     498.2806      82.6446    -325.5535       0.0000 5.709063e-03 5.651973e-01 6.043062e-01 9.381369e-01 7.636031e-01
  0.0100    32.5000 5.625992e-01 1.192669e+00  1     952.3920    1417.3104     432.4458     492.4323     492.4323      77.7189    -327.2131       0.0000 5.625992e-03 5.569732e-01 5.817874e-01 9.216657e-01 7.488788e-01
  0.0100    35.0000 5.532831e-01 1.174672e+00  1     932.1787    1395.5165     423.5755     485.9705     485.9705      72.5291    -328.4138       0.0000 5.532831e-03 5.477503e-01 5.581942e-01 9.033360e-01 7.325042e-01
  0.0100    37.5000 5.428480e-01 1.155098e+00  1     910.6315    1371.7270     413.9999     478.8635     478.8635      67.1473    -329.0846       0.0000 5.428480e-03 5.374195e-01 5.336476e-01 8.830685e-01 7.144164e-01
  0.0100    40.0000 5.311641e-01 1.133937e+00  1     887.6766    1345.8663     403.7063     471.0800     471.0800      61.6604    -329.1556       0.0000 5.311641e-03 5.258525e-01 5.082819e-01 8.608007e-01 6.945701e-01
  0.0100    42.5000 5.180757e-01 1.111195e+00  1     863.2264    1317.8609     392.6816     462.5897     462.5897      56.1636    -328.5628       0.0000 5.180757e-03 5.128949e-01 4.822349e-01 8.364934e-01 6.729438e-01
  0.0100    45.0000 5.033904e-01 1.086894e+00  1     837.1759    1287.6366     380.9089     453.3638     453.3638      50.7505    -327.2554       0.0000 5.033904e-03 4.983565e-01 4.556341e-01 8.101375e-01 6.495468e-01
  0.0100    47.5000 4.868656e-01 1.061068e+00  1     809.3983    1255.1178     368.3633     443.3773     443.3773      45.5015    -325.2041       0.0000 4.868656e-03 4.819970e-01 4.285831e-01 7.817651e-01 6.244289e-01
  0.0100    50.0000 4.681927e-01 1.033759e+00  1     779.7445    1220.2358     355.0092     432.6133     432.6133      40.4752    -322.4121       0.0000 4.681927e-03 4.635108e-01 4.011568e-01 7.514706e-01 5.976996e-01
  0.0100    52.5000 4.469832e-01 1.005004e+00  1     748.0505    1182.9551     340.8038     421.0756     421.0756      35.7037    -318.9291       0.0000 4.469832e-03 4.425134e-01 3.734120e-01 7.194519e-01 5.695657e-01
  0.0100    55.0000 4.227671e-01 9.748207e-01  1     714.1672    1143.3353     325.7108     408.8122     408.8122      31.1947    -314.8719       0.0000 4.227671e-03 4.185394e-01 3.454220e-01 6.860841e-01 5.403955e-01
  0.0100    57.5000 3.950199e-01 9.431880e-01  1     678.0245    1101.6380     309.7296     395.9542     395.9542      26.9383    -310.4506       0.0000 3.950199e-03 3.910697e-01 3.173367e-01 6.520261e-01 5.108115e-01
  0.0100    60.0000 3.632418e-01 9.100327e-01  1     639.7445    1058.4709     292.9430     382.7639     382.7639      22.9173    -305.9881       0.0000 3.632418e-03 3.596093e-01 2.894642e-01 6.183267e-01 4.817775e-01
  0.0100    62.5000 3.270996e-01 8.752187e-01  1     599.7872    1014.8962     275.5705     369.6629     369.6629      19.1191    -301.8976       0.0000 3.270996e-03 3.238286e-01 2.623358e-01 5.864296e-01 4.545904e-01
  0.0100    65.0000 2.866125e-01 8.385443e-01  1     559.0640     972.3697     257.9981     357.1858     357.1858      15.5455    -298.5724       0.0000 2.866125e-03 2.837464e-01 2.367002e-01 5.579365e-01 4.306564e-01
  0.0100    67.5000 2.424279e-01 7.997498e-01  1     518.9554     932.4399     240.7656     345.8372     345.8372      12.2231    -296.1898       0.0000 2.424279e-03 2.400036e-01 2.134320e-01 5.341250e-01 4.110615e-01
  0.0100    70.0000 1.964925e-01 7.585437e-01  1     481.1937     896.3365     224.5231     335.9067     335.9067       9.2265    -294.5327       0.0000 1.964925e-03 1.945275e-01 1.934015e-01 5.154568e-01 3.961508e-01
  0.0100    72.5000 1.529296e-01 7.146722e-01  1     447.2396     864.4894     209.8309     327.3293     327.3293       6.7002    -293.0513       0.0000 1.529296e-03 1.514003e-01 1.771337e-01 5.013287e-01 3.853348e-01
  0.0100    75.0000 1.165027e-01 6.680887e-01  1     416.8987     836.0625     196.6549     319.7038     319.7038       4.7718    -291.3431       0.0000 1.165027e-03 1.153377e-01 1.641159e-01 4.903382e-01 3.773412e-01
  0.0100    77.5000 8.883629e-02 6.193172e-01  1     388.2600     809.4104     184.2915     312.5595     312.5595       3.4084    -289.4740       0.0000 8.883629e-04 8.794793e-02 1.529157e-01 4.811066e-01 3.709394e-01
  0.0100    80.0000 6.848978e-02 5.700203e-01  1     359.4348     783.1495     172.0001     305.5747     305.5747       2.4663    -287.6738       0.0000 6.848978e-04 6.780488e-02 1.422470e-01 4.727641e-01 3.653567e-01
  0.0100    82.5000 5.341314e-02 5.232346e-01  1     329.3431     756.4627     159.3312     298.5658     298.5658       1.8087    -286.0764       0.0000 5.341314e-04 5.287901e-02 1.313776e-01 4.648235e-01 3.601612e-01
  0.0100    85.0000 4.201853e-02 4.822013e-01  1     297.4810     728.8944     146.0613     291.4165     291.4165       1.3404    -284.7177       0.0000 4.201853e-04 4.159834e-02 1.199386e-01 4.569735e-01 3.550768e-01
  0.0100    87.5000 3.323541e-02 4.484285e-01  1     263.6324     700.1625     132.0904     284.0361     284.0361       1.0005    -283.5839       0.0000 3.323541e-04 3.290306e-02 1.077239e-01 4.489696e-01 3.498880e-01
  0.0100    90.0000 2.636088e-02 4.213773e-01  1     227.7594     670.0799     117.4020     276.3390     276.3390       0.7501    -282.6334       0.0000 2.636088e-04 2.609727e-02 9.460198e-02 4.405868e-01 3.443975e-01
  0.0100    92.5000 2.093837e-02 3.995960e-01  1     190.0912     638.5771     102.0981     268.2395     268.2395       0.5640    -281.7804       0.0000 2.093837e-04 2.072899e-02 8.053790e-02 4.316002e-01 3.384096e-01
  0.0100    95.0000 1.668812e-02 3.816181e-01  1     151.5169     605.8790      86.5512     259.6639     259.6639       0.4262    -280.8231       0.0000 1.668812e-04 1.652124e-02 6.576643e-02 4.218008e-01 3.317434e-01
  0.0100    97.5000 1.346108e-02 3.662566e-01  1     114.2821     572.8605      71.6685     250.5960     250.5960       0.3264    -279.3245       0.0000 1.346108e-04 1.332647e-02 5.113716e-02 4.110761e-01 3.243021e-01
  0.0100   100.0000 1.115257e-02 3.526121e-01  1      81.9163     541.1007      58.8411     241.1298     241.1298       0.2571    -276.6386       0.0000 1.115257e-04 1.104105e-02 3.817376e-02 3.995284e-01 3.161732e-01
  0.0100   102.5000 9.582483e-03 3.400099e-01  1      56.9062     511.8279      49.0080     231.4099     231.4099       0.2102    -272.3096       0.0000 9.582483e-05 9.486658e-03 2.809917e-02 3.874009e-01 3.075631e-01
  0.0100   105.0000 8.506472e-03 3.279353e-01  1      38.9677     484.9824      41.9933     221.4945     221.4945       0.1778    -266.3357       0.0000 8.506472e-05 8.421408e-03 2.097157e-02 3.748134e-01 2.985700e-01
  0.0100   107.5000 7.720472e-03 3.159804e-01  1      26.3816     459.7410      37.0605     211.3403     211.3403       0.1540    -258.9256       0.0000 7.720472e-05 7.643267e-03 1.616280e-02 3.616915e-01 2.891254e-01
  0.0100   110.0000 7.094473e-03 3.038004e-01  1      17.5097     435.2363      33.5167     200.8598     200.8598       0.1351    -250.2483       0.0000 7.094473e-05 7.023528e-03 1.301437e-02 3.478559e-01 2.790714e-01
  0.0100   112.5000 6.552338e-03 2.910797e-01  1      11.1888     410.7664      30.8633     189.9515     189.9515       0.1193    -240.3701       0.0000 6.552338e-05 6.486814e-03 1.103423e-02 3.330805e-01 2.682102e-01
  0.0100   115.0000 6.048934e-03 2.775000e-01  1       6.6526     385.7624      28.7588     178.5018     178.5018       0.1054    -229.2614       0.0000 6.048934e-05 5.988445e-03 9.878882e-03 3.171001e-01 2.563109e-01
  0.0100   117.5000 5.555963e-03 2.627097e-01  1       3.4000     359.7110      26.9609     166.3750     166.3750       0.0928    -216.8041       0.0000 5.555963e-05 5.500404e-03 9.301652e-03 2.995925e-01 2.430940e-01
  0.0100   120.0000 5.054027e-03 2.462834e-01  1       1.0979     332.0741      25.2827     153.3957     153.3957       0.0809    -202.7824       0.0000 5.054027e-05 5.003487e-03 9.110580e-03 2.801430e-01 2.282015e-01
  0.1000     0.0000 6.733470e-01 1.664195e+00  1    1163.9242    1600.8311     521.6427     539.5942     539.5942     248.3556    -170.5997       0.0000 6.733470e-02 6.060123e-01 9.141540e-01 1.039117e+00 8.546655e-01
  0.1000     0.1000 6.733503e-01 1.664199e+00  1    1163.9271    1600.8396     521.6426     539.5985     539.5985     248.3558    -170.6008       0.0000 6.733503e-02 6.060153e-01 9.141568e-01 1.039154e+00 8.546357e-01
  0.1000     2.5000 6.732089e-01 1.663768e+00  1    1163.6210    1600.4494     521.5036     539.4729     539.4729     248.2557    -170.6034       0.0000 6.732089e-02 6.058881e-01 9.138042e-01 1.038851e+00 8.543746e-01
  0.1000     5.0000 6.727793e-01 1.662470e+00  1    1162.6742    1599.2653     521.0813     539.0920     539.0920     247.9544    -170.6260       0.0000 6.727793e-02 6.055014e-01 9.127250e-01 1.037931e+00 8.535792e-01
  0.1000     7.5000 6.720465e-01 1.660302e+00  1    1161.0100    1597.2529     520.3616     538.4457     538.4457     247.4499    -170.7088       0.0000 6.720465e-02 6.048419e-01 9.108614e-01 1.036356e+00 8.522163e-01
  0.1000    10.0000 6.709925e-01 1.657257e+00  1    1158.5597    1594.3708     519.3285     537.5212     537.5212     246.7395    -170.8788       0.0000 6.709925e-02 6.038933e-01 9.081529e-01 1.034082e+00 8.502434e-01
  0.1000    12.5000 6.696023e-01 1.653325e+00  1    1155.2991    1590.5858     517.9706     536.3076     536.3076     245.8207    -171.1290       0.0000 6.696023e-02 6.026420e-01 9.045633e-01 1.031069e+00 8.476232e-01
  0.1000    15.0000 6.678632e-01 1.648489e+00  1    1151.2334    1585.8716     516.2802     534.7957     534.7957     244.6911    -171.4317       0.0000 6.678632e-02 6.010768e-01 9.000748e-01 1.027282e+00 8.443248e-01
  0.1000    17.5000 6.657631e-01 1.642731e+00  1    1146.3781    1580.2042     514.2505     532.9768     532.9768     243.3479    -171.7518       0.0000 6.657631e-02 5.991868e-01 8.946771e-01 1.022689e+00 8.403201e-01
  0.1000    20.0000 6.632888e-01 1.636024e+00  1    1140.7495    1573.5588     511.8746     530.8421     530.8421     241.7884    -172.0534       0.0000 6.632888e-02 5.969599e-01 8.883621e-01 1.017262e+00 8.355815e-01
  0.1000    22.5000 6.604251e-01 1.628339e+00  1    1134.3602    1565.9083     509.1446     528.3819     528.3819     240.0090    -172.3018       0.0000 6.604251e-02 5.943826e-01 8.811203e-01 1.010966e+00 8.300806e-01
  0.1000    25.0000 6.571540e-01 1.619642e+00  1    1127.2181    1557.2220     506.0515     525.5852     525.5852     238.0055    -172.4648       0.0000 6.571540e-02 5.914386e-01 8.729406e-01 1.003768e+00 8.237871e-01
  0.1000    27.5000 6.534543e-01 1.609892e+00  1    1119.3248    1547.4651     502.5850     522.4401     522.4401     235.7732    -172.5121       0.0000 6.534543e-02 5.881089e-01 8.638090e-01 9.956304e-01 8.166683e-01
  0.1000    30.0000 6.493006e-01 1.599046e+00  1    1110.6764    1536.5983     498.7329     518.9327     518.9327     233.3064    -172.4157       0.0000 6.493006e-02 5.843706e-01 8.537084e-01 9.865122e-01 8.086889e-01
  0.1000    32.5000 6.446632e-01 1.587056e+00  1    1101.2620    1524.5765     494.4812     515.0476     515.0476     230.5984    -172.1496       0.0000 6.446632e-02 5.801968e-01 8.426185e-01 9.763689e-01 7.998106e-01
  0.1000    35.0000 6.395064e-01 1.573867e+00  1    1091.0644    1511.3488     489.8138     510.7675     510.7675     227.6415    -171.6891       0.0000 6.395064e-02 5.755558e-01 8.305152e-01 9.651518e-01 7.899917e-01
  0.1000    37.5000 6.337885e-01 1.559419e+00  1    1080.0588    1496.8571     484.7120     506.0725     506.0725     224.4265    -171.0113       0.0000 6.337885e-02 5.704096e-01 8.173701e-01 9.528073e-01 7.791864e-01
  0.1000    40.0000 6.274595e-01 1.543648e+00  1    1068.2123    1481.0349     479.1546     500.9401     500.9401     220.9429    -170.0942       0.0000 6.274595e-02 5.647136e-01 8.031498e-01 9.392763e-01 7.673447e-01
  0.1000    42.5000 6.204603e-01 1.526481e+00  1    1055.4827    1463.8057     473.1165     495.3446     495.3446     217.1778    -168.9171       0.0000 6.204603e-02 5.584143e-01 7.878149e-01 9.244935e-01 7.544113e-01
  0.1000    45.0000 6.127195e-01 1.507834e+00  1    1041.8170    1445.0815     466.5687     489.2564     489.2564     213.1162    -167.4606       0.0000 6.127195e-02 5.514476e-01 7.713190e-01 9.083860e-01 7.403249e-01
  0.1000    47.5000 6.041512e-01 1.487617e+00  1    1027.1494    1424.7600     459.4773     482.6414     482.6414     208.7399    -165.7066       0.0000 6.041512e-02 5.437361e-01 7.536075e-01 8.908726e-01 7.250176e-01
  0.1000    50.0000 5.946505e-01 1.465722e+00  1    1011.3982    1402.7217     451.8022     475.4598     475.4598     204.0267    -163.6393       0.0000 5.946505e-02 5.351855e-01 7.346157e-01 8.718622e-01 7.084132e-01
  0.1000    52.5000 5.840884e-01 1.442027e+00  1     994.4626    1378.8270     443.4960     467.6655     467.6655     198.9490    -161.2459       0.0000 5.840884e-02 5.256796e-01 7.142668e-01 8.512531e-01 6.904276e-01
  0.1000    55.0000 5.723044e-01 1.416388e+00  1     976.2180    1352.9119     434.5023     459.2048     459.2048     193.4723    -158.5192       0.0000 5.723044e-02 5.150740e-01 6.924706e-01 8.289321e-01 6.709677e-01
  0.1000    57.5000 5.590970e-01 1.388633e+00  1     956.5097    1324.7841     424.7541     450.0150     450.0150     187.5525    -155.4609       0.0000 5.590970e-02 5.031873e-01 6.691215e-01 8.047754e-01 6.499332e-01
  0.1000    60.0000 5.442107e-01 1.358555e+00  1     935.1465    1294.2207     414.1716     440.0246     440.0246     181.1326    -152.0888       0.0000 5.442107e-02 4.897897e-01 6.440987e-01 7.786529e-01 6.272208e-01
  0.1000    62.5000 5.273199e-01 1.325900e+00  1     911.8929    1260.9694     402.6620     429.1537     429.1537     174.1374    -148.4473       0.0000 5.273199e-02 4.745879e-01 6.172697e-01 7.504394e-01 6.027355e-01
  0.1000    65.0000 5.080100e-01 1.290346e+00  1     886.4648    1224.7601     390.1202     417.3200     417.3200     166.4678    -144.6278       0.0000 5.080100e-02 4.572090e-01 5.885024e-01 7.200401e-01 5.764144e-01
  0.1000    67.5000 4.857620e-01 1.251484e+00  1     858.5346    1185.3422     376.4374     404.4524     404.4524     157.9926    -140.8000       0.0000 4.857620e-02 4.371858e-01 5.576955e-01 6.874455e-01 5.482768e-01
  0.1000    70.0000 4.599565e-01 1.208769e+00  1     827.7653    1142.5719     361.5235     390.5242     390.5242     148.5439    -137.2619       0.0000 4.599565e-02 4.139609e-01 5.248436e-01 6.528372e-01 5.185189e-01
  0.1000    72.5000 4.299353e-01 1.161460e+00  1     793.9047    1096.5867     345.3542     375.6162     375.6162     137.9217    -134.4983       0.0000 4.299353e-02 3.869417e-01 4.901554e-01 6.167658e-01 4.876696e-01
  0.1000    75.0000 3.951738e-01 1.108499e+00  1     756.9738    1048.0689     328.0488     360.0100     360.0100     125.9278    -133.2061       0.0000 3.951738e-02 3.556564e-01 4.542133e-01 5.803703e-01 4.567748e-01
  0.1000    77.5000 3.555670e-01 1.048303e+00  1     717.5078     998.4514     309.9369     344.2573     344.2573     112.4441    -134.1791       0.0000 3.555670e-02 3.200103e-01 4.180573e-01 5.454510e-01 4.274421e-01
  0.1000    80.0000 3.116570e-01 9.783389e-01  1     676.6475     949.7258     291.5219     329.1019     329.1019      97.5357    -137.9625       0.0000 3.116570e-02 2.804913e-01 3.829935e-01 5.140866e-01 4.014809e-01
  0.1000    82.5000 2.646397e-01 8.942326e-01  1     635.9189     903.7663     273.3249     315.2207     315.2207      81.5393    -144.4123       0.0000 2.646397e-02 2.381757e-01 3.501813e-01 4.878410e-01 3.802017e-01
  0.1000    85.0000 2.165415e-01 7.881348e-01  1     596.9385     861.7514     255.8024     302.9745     302.9745      65.1904    -152.4505       0.0000 2.165415e-02 1.948873e-01 3.205000e-01 4.671856e-01 3.639372e-01
  0.1000    87.5000 1.709242e-01 6.528907e-01  1     561.1729     824.0964     239.4380     292.3292     292.3292      49.8179    -160.2144       0.0000 1.709242e-02 1.538318e-01 2.947944e-01 4.514688e-01 3.520501e-01
  0.1000    90.0000 1.322076e-01 5.300683e-01  1     529.1648     790.4228     224.6178     282.9025     282.9025      36.9864    -165.9869       0.0000 1.322076e-02 1.189868e-01 2.735645e-01 4.392417e-01 3.432368e-01
  0.1000    92.5000 1.024124e-01 4.602802e-01  1     499.8938     759.5624     211.2254     274.1685     274.1685      27.3454    -169.3801       0.0000 1.024124e-02 9.217115e-02 2.561568e-01 4.289495e-01 3.361274e-01
  0.1000    95.0000 8.037232e-02 4.191983e-01  1     471.7346     730.1648     198.7475     265.7087     265.7087      20.4303    -171.0387       0.0000 8.037232e-03 7.233509e-02 2.411763e-01 4.195189e-01 3.297829e-01
  0.1000    97.5000 6.397226e-02 3.911663e-01  1     443.4769     701.2171     186.6848     257.2661     257.2661      15.4712    -171.6877       0.0000 6.397226e-03 5.757503e-02 2.273996e-01 4.103454e-01 3.236756e-01
  0.1000   100.0000 5.148668e-02 3.698408e-01  1     414.4119     672.0580     174.6915     248.6832     248.6832      11.8502    -171.8042       0.0000 5.148668e-03 4.633802e-02 2.140076e-01 4.010686e-01 3.174910e-01
  0.1000   102.5000 4.174165e-02 3.522473e-01  1     384.1211     642.2353     162.5421     239.8466     239.8466       9.1500    -171.6598       0.0000 4.174165e-03 3.756748e-02 2.004641e-01 3.914277e-01 3.110009e-01
  0.1000   105.0000 3.396581e-02 3.367637e-01  1     352.3188     611.3953     150.0808     230.6573     230.6573       7.0976    -171.4024       0.0000 3.396581e-03 3.056923e-02 1.863866e-01 3.811918e-01 3.040045e-01
  0.1000   107.5000 2.764730e-02 3.223920e-01  1     318.7750     579.2174     137.1897     221.0138     221.0138       5.5128    -171.1056       0.0000 2.764730e-03 2.488257e-02 1.714677e-01 3.701243e-01 2.962961e-01
  0.1000   110.0000 2.243980e-02 3.084501e-01  1     283.2974     545.3791     123.7773     210.8009     210.8009       4.2738    -170.7843       0.0000 2.243980e-03 2.019582e-02 1.554425e-01 3.579584e-01 2.876451e-01
  0.1000   112.5000 1.810669e-02 2.944185e-01  1     245.7833     509.5484     109.7895     199.8794     199.8794       3.2972    -170.3780       0.0000 1.810669e-03 1.629602e-02 1.381016e-01 3.443741e-01 2.777761e-01
  0.1000   115.0000 1.448986e-02 2.798513e-01  1     206.4062     471.4277      95.2661     188.0808     188.0808       2.5252    -169.6816       0.0000 1.448986e-03 1.304087e-02 1.193837e-01 3.289794e-01 2.663531e-01
  0.1000   117.5000 1.149283e-02 2.643132e-01  1     166.0495     430.9071      80.4752     175.2159     175.2159       1.9186    -168.1982       0.0000 1.149283e-03 1.034355e-02 9.961630e-02 3.113124e-01 2.529817e-01
  0.1000   120.0000 9.062705e-03 2.473219e-01  1     126.8894     388.3237      66.0918     161.1159     161.1159       1.4506    -164.9596       0.0000 9.062705e-04 8.156434e-03 7.986538e-02 2.909029e-01 2.372608e-01
  0.2000     0.0000 7.441546e-01 1.814072e+00  1    1235.1648    1646.2248     539.8836     553.1706     553.1706     323.5130     -74.2600       0.0000 1.488309e-01 5.953237e-01 9.921977e-01 1.088660e+00 9.011348e-01
  0.2000     0.1000 7.441583e-01 1.814077e+00  1    1235.1681    1646.2338     539.8836     553.1751     553.1751     323.5133     -74.2609       0.0000 1.488317e-01 5.953267e-01 9.922013e-01 1.088699e+00 9.011035e-01
  0.2000     2.5000 7.440290e-01 1.813688e+00  1    1234.9444    1645.8933     539.7670     553.0632     553.0632     323.4311     -74.2216       0.0000 1.488058e-01 5.952232e-01 9.919323e-01 1.088437e+00 9.008792e-01
  0.2000     5.0000 7.436383e-01 1.812518e+00  1    1234.2668    1644.8664     539.4153     552.7256     552.7256     323.1837     -74.1056       0.0000 1.487277e-01 5.949107e-01 9.911189e-01 1.087644e+00 9.002008e-01
  0.2000     7.5000 7.429802e-01 1.810565e+00  1    1233.1151    1643.1395     538.8238     552.1579     552.1579     322.7703     -73.9201       0.0000 1.485960e-01 5.943842e-01 9.897443e-01 1.086304e+00 8.990520e-01
  0.2000    10.0000 7.420432e-01 1.807823e+00  1    1231.4548    1640.6878     537.9841     551.3518     551.3518     322.1887     -73.6765       0.0000 1.484086e-01 5.936345e-01 9.877777e-01 1.084384e+00 8.974038e-01
  0.2000    12.5000 7.408131e-01 1.804285e+00  1    1229.2487    1637.4803     536.8858     550.2972     550.2972     321.4366     -73.3835       0.0000 1.481626e-01 5.926505e-01 9.851819e-01 1.081846e+00 8.952206e-01
  0.2000    15.0000 7.392756e-01 1.799937e+00  1    1226.4671    1633.4857     535.5183     548.9837     548.9837     320.5113     -73.0418       0.0000 1.478551e-01 5.914204e-01 9.819207e-01 1.078653e+00 8.924663e-01
  0.2000    17.5000 7.374164e-01 1.794765e+00  1    1223.0904    1628.6740     533.8715     547.4012     547.4012     319.4098     -72.6440       0.0000 1.474833e-01 5.899331e-01 9.779619e-01 1.074766e+00 8.891082e-01
  0.2000    20.0000 7.352217e-01 1.788751e+00  1    1219.1066    1623.0167     531.9362     545.5402     545.5402     318.1294     -72.1766       0.0000 1.470443e-01 5.881774e-01 9.732772e-01 1.070155e+00 8.851161e-01
  0.2000    22.5000 7.326772e-01 1.781870e+00  1    1214.5080    1616.4855     529.7030     543.3913     543.3913     316.6667     -71.6227       0.0000 1.465354e-01 5.861418e-01 9.678407e-01 1.064785e+00 8.804613e-01
  0.2000    25.0000 7.297673e-01 1.774097e+00  1    1209.2879    1609.0514     527.1626     540.9444     540.9444     315.0182     -70.9636       0.0000 1.459535e-01 5.838138e-01 9.616278e-01 1.058627e+00 8.751154e-01
  0.2000    27.5000 7.264743e-01 1.765401e+00  1    1203.4393    1600.6834     524.3050     538.1892     538.1892     313.1796     -70.1803       0.0000 1.452949e-01 5.811794e-01 9.546140e-01 1.051646e+00 8.690496e-01
  0.2000    30.0000 7.227781e-01 1.755749e+00  1    1196.9529    1591.3480     521.1195     535.1142     535.1142     311.1463     -69.2540       0.0000 1.445556e-01 5.782225e-01 9.467738e-01 1.043809e+00 8.622336e-01
  0.2000    32.5000 7.186557e-01 1.745103e+00  1    1189.8164    1581.0083     517.5942     531.7070     531.7070     308.9126     -68.1665       0.0000 1.437311e-01 5.749245e-01 9.380810e-01 1.035078e+00 8.546351e-01
  0.2000    35.0000 7.140801e-01 1.733425e+00  1    1182.0138    1569.6237     513.7162     527.9537     527.9537     306.4721     -66.9002       0.0000 1.428160e-01 5.712640e-01 9.285070e-01 1.025412e+00 8.462195e-01
  0.2000    37.5000 7.090201e-01 1.720669e+00  1    1173.5249    1557.1484     509.4710     523.8387     523.8387     303.8172     -65.4386       0.0000 1.418040e-01 5.672161e-01 9.180213e-01 1.014769e+00 8.369487e-01
  0.2000    40.0000 7.034395e-01 1.706788e+00  1    1164.3240    1543.5312     504.8423     519.3444     519.3444     300.9391     -63.7660       0.0000 1.406879e-01 5.627516e-01 9.065901e-01 1.003100e+00 8.267813e-01
  0.2000    42.5000 6.972956e-01 1.691730e+00  1    1154.3794    1528.7136     499.8115     514.4511     514.4511     297.8273     -61.8673       0.0000 1.394591e-01 5.578365e-01 8.941758e-01 9.903509e-01 8.156709e-01
  0.2000    45.0000 6.905383e-01 1.675437e+00  1    1143.6526    1512.6291     494.3576     509.1358     509.1358     294.4696     -59.7287       0.0000 1.381077e-01 5.524306e-01 8.807357e-01 9.764610e-01 8.035657e-01
  0.2000    47.5000 6.831079e-01 1.657846e+00  1    1132.0960    1495.2005     488.4561     503.3722     503.3722     290.8513     -57.3370       0.0000 1.366216e-01 5.464864e-01 8.662214e-01 9.613620e-01 7.904070e-01
  0.2000    50.0000 6.749334e-01 1.638885e+00  1    1119.6519    1476.3383     482.0786     497.1298     497.1298     286.9547     -54.6804       0.0000 1.349867e-01 5.399467e-01 8.505763e-01 9.449757e-01 7.761277e-01
  0.2000    52.5000 6.659286e-01 1.618474e+00  1    1106.2495    1455.9371     475.1917     490.3727     490.3727     282.7583     -51.7483       0.0000 1.331857e-01 5.327429e-01 8.337343e-01 9.272119e-01 7.606507e-01
  0.2000    55.0000 6.559884e-01 1.596521e+00  1    1091.8018    1433.8721     467.7559     483.0581     483.0581     278.2355     -48.5325       0.0000 1.311977e-01 5.247907e-01 8.156170e-01 9.079656e-01 7.438862e-01
  0.2000    57.5000 6.449826e-01 1.572920e+00  1    1076.2010    1409.9937     459.7233     475.1352     475.1352     273.3530     -45.0278       0.0000 1.289965e-01 5.159861e-01 7.961302e-01 8.871137e-01 7.257290e-01
  0.2000    60.0000 6.327481e-01 1.547548e+00  1    1059.3125    1384.1213     451.0365     466.5424     466.5424     268.0686     -41.2343       0.0000 1.265496e-01 5.061985e-01 7.751597e-01 8.645108e-01 7.060554e-01
  0.2000    62.5000 6.190771e-01 1.520256e+00  1    1040.9661    1356.0341     441.6245     457.2048     457.2048     262.3273     -37.1604       0.0000 1.238154e-01 4.952617e-01 7.525665e-01 8.399847e-01 6.847193e-01
  0.2000    65.0000 6.037011e-01 1.490868e+00  1    1020.9452    1325.4612     431.4001     447.0306     447.0306     256.0566     -32.8289       0.0000 1.207402e-01 4.829608e-01 7.281801e-01 8.133315e-01 6.615490e-01
  0.2000    67.5000 5.862671e-01 1.459166e+00  1     998.9706    1292.0691     420.2544     435.9073     435.9073     249.1582     -28.2874       0.0000 1.172534e-01 4.690137e-01 7.017919e-01 7.843128e-01 6.363453e-01
  0.2000    70.0000 5.663063e-01 1.424881e+00  1     974.6813    1255.4507     408.0531     423.6988     423.6988     241.4965     -23.6273       0.0000 1.132613e-01 4.530450e-01 6.731518e-01 7.526593e-01 6.088873e-01
  0.2000    72.5000 5.431914e-01 1.387663e+00  1     947.6136    1215.1260     394.6335     410.2463     410.2463     232.8806     -19.0190       0.0000 1.086383e-01 4.345531e-01 6.419747e-01 7.180956e-01 5.789564e-01
  0.2000    75.0000 5.160974e-01 1.347059e+00  1     917.1949    1170.5831     379.8133     395.3849     395.3849     223.0400     -14.7766       0.0000 1.032195e-01 4.128779e-01 6.079813e-01 6.804162e-01 5.464075e-01
  0.2000    77.5000 4.840092e-01 1.302446e+00  1     882.7993    1121.4351     363.4319     379.0016     379.0016     211.5995     -11.4665       0.0000 9.680185e-02 3.872074e-01 5.710262e-01 6.396857e-01 5.113507e-01
  0.2000    80.0000 4.459159e-01 1.252944e+00  1     843.9823    1067.8326     345.4662     361.1832     361.1832     198.0844     -10.0488       0.0000 8.918318e-02 3.567327e-01 5.314037e-01 5.966654e-01 4.745263e-01
  0.2000    82.5000 4.014149e-01 1.197226e+00  1     801.0338    1011.1854     326.2466     342.4694     342.4694     182.0325     -11.8962       0.0000 8.028298e-02 3.211319e-01 4.903299e-01 5.534098e-01 4.378110e-01
  0.2000    85.0000 3.515734e-01 1.133131e+00  1     755.5691     954.5453     306.5868     323.9792     323.9792     163.2555     -18.3283       0.0000 7.031467e-02 2.812587e-01 4.500691e-01 5.132788e-01 4.041765e-01
  0.2000    87.5000 2.989222e-01 1.056691e+00  1     710.1504     901.3787     287.4453     306.9667     306.9667     142.0314     -29.6755       0.0000 5.978443e-02 2.391377e-01 4.128853e-01 4.793946e-01 3.762936e-01
  0.2000    90.0000 2.463089e-01 9.590012e-01  1     666.9705     853.5919     269.3580     292.1170     292.1170     119.0504     -44.8121       0.0000 4.926179e-02 1.970472e-01 3.797411e-01 4.528864e-01 3.550287e-01
  0.2000    92.5000 1.965553e-01 8.094949e-01  1     627.2673     811.2560     252.4238     279.4161     279.4161      95.5538     -61.4427       0.0000 3.931106e-02 1.572443e-01 3.505458e-01 4.329815e-01 3.395995e-01
  0.2000    95.0000 1.529461e-01 5.253535e-01  1     591.4767     773.5502     236.6903     268.4300     268.4300      73.6341     -76.6997       0.0000 3.058921e-02 1.223569e-01 3.251914e-01 4.179780e-01 3.284597e-01
  0.2000    97.5000 1.180191e-01 4.346926e-01  1     559.0691     739.3017     222.2153     258.5432     258.5432      55.4139     -88.4907       0.0000 2.360382e-02 9.441529e-02 3.036034e-01 4.059428e-01 3.199037e-01
  0.2000   100.0000 9.172398e-02 3.939020e-01  1     528.6964     707.1868     208.8230     249.1819     249.1819      41.5547     -96.5768       0.0000 1.834480e-02 7.337918e-02 2.851286e-01 3.952966e-01 3.125556e-01
  0.2000   102.5000 7.221813e-02 3.668637e-01  1     498.9913     676.0425     196.1399     239.9513     239.9513      31.3881    -101.8517       0.0000 1.444363e-02 5.777450e-02 2.686994e-01 3.850608e-01 3.055669e-01
  0.2000   105.0000 5.753945e-02 3.459049e-01  1     468.9922     645.0171     183.7960     230.6105     230.6105      23.9322    -105.2782       0.0000 1.150789e-02 4.603156e-02 2.533315e-01 3.746828e-01 2.984588e-01
  0.2000   107.5000 4.622769e-02 3.280338e-01  1     438.0779     613.5032     171.5018     221.0007     221.0007      18.3856    -107.5408       0.0000 9.245538e-03 3.698215e-02 2.382795e-01 3.638099e-01 2.909254e-01
  0.2000   110.0000 3.730033e-02 3.117162e-01  1     405.8076     581.0249     159.0366     210.9942     210.9942      14.1864    -109.0733       0.0000 7.460065e-03 2.984026e-02 2.229834e-01 3.521591e-01 2.827207e-01
  0.2000   112.5000 3.010595e-02 2.960102e-01  1     371.8083     547.1505     146.2193     200.4656     200.4656      10.9549    -110.1410       0.0000 6.021190e-03 2.408476e-02 2.069875e-01 3.394500e-01 2.736019e-01
  0.2000   115.0000 2.420659e-02 2.802399e-01  1     335.7107     511.4278     132.8844     189.2717     189.2717       8.4330    -110.8968       0.0000 4.841318e-03 1.936527e-02 1.898792e-01 3.253629e-01 2.632927e-01
  0.2000   117.5000 1.930187e-02 2.638382e-01  1     297.1239     473.3300     118.8680     177.2310     177.2310       6.4427    -111.4004       0.0000 3.860373e-03 1.544149e-02 1.712528e-01 3.094964e-01 2.514477e-01
  0.2000   120.0000 1.518332e-02 2.462441e-01  1     255.6702     432.2048     104.0106     164.0971     164.0971       4.8597    -111.5884       0.0000 3.036664e-03 1.214666e-02 1.507108e-01 2.913102e-01 2.376042e-01
  0.3000     0.0000 8.456588e-01 1.880138e+00  1    1348.0993    1724.6427     566.5448     579.0489     579.0489     386.4553      22.4161       0.0000 2.536976e-01 5.919611e-01 1.097413e+00 1.194223e+00 1.000454e+00
  0.3000     0.1000 8.456631e-01 1.880143e+00  1    1348.1034    1724.6523     566.5450     579.0537     579.0537     386.4558      22.4156       0.0000 2.536989e-01 5.919642e-01 1.097417e+00 1.194266e+00 1.000420e+00
  0.3000     2.5000 8.455386e-01 1.879775e+00  1    1347.9080    1724.3422     566.4419     578.9501     578.9501     386.3837      22.4578       0.0000 2.536616e-01 5.918770e-01 1.097197e+00 1.194018e+00 1.000208e+00
  0.3000     5.0000 8.451634e-01 1.878668e+00  1    1347.3187    1723.4081     566.1316     578.6383     578.6383     386.1669      22.5842       0.0000 2.535490e-01 5.916144e-01 1.096533e+00 1.193272e+00 9.995678e-01
  0.3000     7.5000 8.445343e-01 1.876822e+00  1    1346.3279    1721.8435     565.6118     578.1158     578.1158     385.8048      22.7934       0.0000 2.533603e-01 5.911740e-01 1.095416e+00 1.192018e+00 9.984917e-01
  0.3000    10.0000 8.436448e-01 1.874230e+00  1    1344.9207    1719.6346     564.8780     577.3783     577.3783     385.2962      23.0827       0.0000 2.530935e-01 5.905514e-01 1.093832e+00 1.190238e+00 9.969628e-01
  0.3000    12.5000 8.424855e-01 1.870885e+00  1    1343.0758    1716.7614     563.9237     576.4188     576.4188     384.6394      23.4491       0.0000 2.527456e-01 5.897398e-01 1.091755e+00 1.187907e+00 9.949566e-01
  0.3000    15.0000 8.410447e-01 1.866779e+00  1    1340.7693    1713.1993     562.7407     575.2293     575.2293     383.8322      23.8908       0.0000 2.523134e-01 5.887313e-01 1.089157e+00 1.184992e+00 9.924436e-01
  0.3000    17.5000 8.393099e-01 1.861896e+00  1    1337.9781    1708.9216     561.3204     573.8006     573.8006     382.8721      24.4088       0.0000 2.517930e-01 5.875170e-01 1.086007e+00 1.181458e+00 9.893920e-01
  0.3000    20.0000 8.372680e-01 1.856222e+00  1    1334.6816    1703.9005     559.6536     572.1234     572.1234     381.7564      25.0073       0.0000 2.511804e-01 5.860876e-01 1.082275e+00 1.177272e+00 9.857698e-01
  0.3000    22.5000 8.349050e-01 1.849736e+00  1    1330.8623    1698.1081     557.7315     570.1883     570.1883     380.4823      25.6932       0.0000 2.504715e-01 5.844335e-01 1.077930e+00 1.172398e+00 9.815456e-01
  0.3000    25.0000 8.322067e-01 1.842415e+00  1    1326.5049    1691.5163     555.5450     567.9856     567.9856     379.0465      26.4757       0.0000 2.496620e-01 5.825447e-01 1.072945e+00 1.166803e+00 9.766886e-01
  0.3000    27.5000 8.291572e-01 1.834234e+00  1    1321.5950    1684.0958     553.0849     565.5055     565.5055     377.4454      27.3651       0.0000 2.487472e-01 5.804100e-01 1.067293e+00 1.160453e+00 9.711683e-01
  0.3000    30.0000 8.257392e-01 1.825163e+00  1    1316.1182    1675.8164     550.3417     562.7373     562.7373     375.6752      28.3727       0.0000 2.477218e-01 5.780175e-01 1.060946e+00 1.153313e+00 9.649532e-01
  0.3000    32.5000 8.219333e-01 1.815171e+00  1    1310.0591    1666.6454     547.3054     559.6700     559.6700     373.7313      29.5096       0.0000 2.465800e-01 5.753533e-01 1.053877e+00 1.145346e+00 9.580112e-01
  0.3000    35.0000 8.177174e-01 1.804223e+00  1    1303.4003    1656.5478     543.9651     556.2914     556.2914     371.6084      30.7872       0.0000 2.453152e-01 5.724022e-01 1.046058e+00 1.136514e+00 9.503080e-01
  0.3000    37.5000 8.130665e-01 1.792284e+00  1    1296.1219    1645.4852     540.3092     552.5880     552.5880     369.3007      32.2162       0.0000 2.439199e-01 5.691465e-01 1.037460e+00 1.126776e+00 9.418072e-01
  0.3000    40.0000 8.079518e-01 1.779311e+00  1    1288.2006    1633.4150     536.3247     548.5451     548.5451     366.8011      33.8071       0.0000 2.423855e-01 5.655662e-01 1.028052e+00 1.116085e+00 9.324688e-01
  0.3000    42.5000 8.023402e-01 1.765263e+00  1    1279.6090    1620.2894     531.9975     544.1459     544.1459     364.1018      35.5699       0.0000 2.407021e-01 5.616381e-01 1.017799e+00 1.104392e+00 9.222493e-01
  0.3000    45.0000 7.961935e-01 1.750092e+00  1    1270.3147    1606.0545     527.3112     539.3717     539.3717     361.1934      37.5140       0.0000 2.388580e-01 5.573354e-01 1.006663e+00 1.091642e+00 9.111000e-01
  0.3000    47.5000 7.894668e-01 1.733747e+00  1    1260.2793    1590.6489     522.2476     534.2007     534.2007     358.0649      39.6483       0.0000 2.368400e-01 5.526268e-01 9.946025e-01 1.077772e+00 8.989662e-01
  0.3000    50.0000 7.821076e-01 1.716169e+00  1    1249.4568    1574.0015     516.7855     528.6080     528.6080     354.7035      41.9814       0.0000 2.346323e-01 5.474753e-01 9.815674e-01 1.062712e+00 8.857858e-01
  0.3000    52.5000 7.740534e-01 1.697297e+00  1    1237.7923    1556.0295     510.9001     522.5647     522.5647     351.0936      44.5210       0.0000 2.322160e-01 5.418374e-01 9.675011e-01 1.046379e+00 8.714869e-01
  0.3000    55.0000 7.652292e-01 1.677057e+00  1    1225.2191    1536.6353     504.5625     516.0364     516.0364     347.2166      47.2743       0.0000 2.295687e-01 5.356604e-01 9.523359e-01 1.028677e+00 8.559864e-01
  0.3000    57.5000 7.555438e-01 1.655370e+00  1    1211.6561    1515.7023     497.7379     508.9822     508.9822     343.0496      50.2476       0.0000 2.266631e-01 5.288807e-01 9.359903e-01 1.009496e+00 8.391861e-01
  0.3000    60.0000 7.448851e-01 1.632142e+00  1    1197.0030    1493.0897     490.3841     501.3528     501.3528     338.5641      53.4461       0.0000 2.234655e-01 5.214196e-01 9.183648e-01 9.887020e-01 8.209690e-01
  0.3000    62.5000 7.331126e-01 1.607265e+00  1    1181.1348    1468.6246     482.4493     493.0876     493.0876     333.7244      56.8729       0.0000 2.199338e-01 5.131789e-01 8.993356e-01 9.661327e-01 8.011939e-01
  0.3000    65.0000 7.200475e-01 1.580612e+00  1    1163.8927    1442.0914     473.8684     484.1115     484.1115     328.4841      60.5285       0.0000 2.160143e-01 5.040333e-01 8.787460e-01 9.415906e-01 7.796879e-01
  0.3000    67.5000 7.054570e-01 1.552030e+00  1    1145.0716    1413.2167     464.5583     474.3292     474.3292     322.7823      64.4081       0.0000 2.116371e-01 4.938199e-01 8.563942e-01 9.148290e-01 7.562360e-01
  0.3000    70.0000 6.890310e-01 1.521336e+00  1    1124.4007    1381.6462     454.4107     463.6177     463.6177     316.5364      68.4980       0.0000 2.067093e-01 4.823217e-01 8.320154e-01 8.855353e-01 7.305663e-01
  0.3000    72.5000 6.703444e-01 1.488300e+00  1    1101.5140    1346.9104     443.2806     451.8149     451.8149     309.6310      72.7689       0.0000 2.011033e-01 4.692411e-01 8.052539e-01 8.533064e-01 7.023299e-01
  0.3000    75.0000 6.487963e-01 1.452637e+00  1    1075.9020    1308.3731     430.9691     438.7020     438.7020     301.8984      77.1603       0.0000 1.946389e-01 4.541574e-01 7.756219e-01 8.176147e-01 6.710722e-01
  0.3000    77.5000 6.235067e-01 1.413974e+00  1    1046.8360    1265.1530     417.1959     423.9786     423.9786     293.0848      81.5504       0.0000 1.870520e-01 4.364547e-01 7.424373e-01 7.777638e-01 6.361978e-01
  0.3000    80.0000 5.931443e-01 1.371817e+00  1    1013.2480    1216.0187     401.5601     407.2293     407.2293     282.7874      85.6859       0.0000 1.779433e-01 4.152010e-01 7.047408e-01 7.328523e-01 5.969466e-01
  0.3000    82.5000 5.556707e-01 1.325484e+00  1     973.5840    1159.3183     383.5003     387.9090     387.9090     270.3429      89.0172       0.0000 1.667012e-01 3.889695e-01 6.612441e-01 6.818451e-01 5.524715e-01
  0.3000    85.0000 5.082014e-01 1.273980e+00  1     925.8651    1093.3364     362.3645     365.4859     365.4859     254.6740      90.3242       0.0000 1.524604e-01 3.557410e-01 6.106304e-01 6.241859e-01 5.024063e-01
  0.3000    87.5000 4.482980e-01 1.215768e+00  1     869.1105    1018.5476     338.0413     340.2532     340.2532     234.3944      87.1692       0.0000 1.344894e-01 3.138086e-01 5.533920e-01 5.621870e-01 4.489863e-01
  0.3000    90.0000 3.789654e-01 1.148221e+00  1     807.4188     942.2987     312.4735     314.9126     314.9126     209.0970      76.6562       0.0000 1.136896e-01 2.652758e-01 4.955558e-01 5.044399e-01 3.999073e-01
  0.3000    92.5000 3.097458e-01 1.066125e+00  1     749.2438     875.2516     288.9062     293.1727     293.1727     180.5626      58.8213       0.0000 9.292375e-02 2.168221e-01 4.456009e-01 4.600295e-01 3.629778e-01
  0.3000    95.0000 2.471532e-01 9.556582e-01  1     698.6966     820.2729     268.4583     275.9073     275.9073     150.8167      36.6894       0.0000 7.414595e-02 1.730072e-01 4.055445e-01 4.292165e-01 3.381221e-01
  0.3000    97.5000 1.930792e-01 7.062280e-01  1     655.2293     774.5732     250.5147     262.0293     262.0293     121.3684      13.5391       0.0000 5.792377e-02 1.351555e-01 3.730709e-01 4.078336e-01 3.215232e-01
  0.3000   100.0000 1.485676e-01 4.284021e-01  1     617.2116     735.0066     234.3813     250.3126     250.3126      94.2398      -7.6239       0.0000 4.457028e-02 1.039973e-01 3.460298e-01 3.921340e-01 3.098546e-01
  0.3000   102.5000 1.139926e-01 3.826864e-01  1     582.8745     699.2030     219.6322     239.7854     239.7854      71.4952     -24.6800       0.0000 3.419778e-02 7.979481e-02 3.231157e-01 3.794195e-01 3.007597e-01
  0.3000   105.0000 8.815281e-02 3.540009e-01  1     550.4894     665.4162     205.9094     229.7534     229.7534      53.8507     -37.2321       0.0000 2.644584e-02 6.170697e-02 3.032450e-01 3.679052e-01 2.926943e-01
  0.3000   107.5000 6.895427e-02 3.319236e-01  1     518.6721     632.3897     192.8337     219.7780     219.7780      40.6681     -46.1053       0.0000 2.068628e-02 4.826799e-02 2.853286e-01 3.565441e-01 2.847562e-01
  0.3000   110.0000 5.446690e-02 3.129955e-01  1     486.4611     599.2373     180.0536     209.5919     209.5919      30.8787     -52.3593       0.0000 1.634007e-02 3.812683e-02 2.684037e-01 3.447361e-01 2.764282e-01
  0.3000   112.5000 4.328059e-02 2.955457e-01  1     453.1813     565.2958     167.2754     199.0102     199.0102      23.5414     -56.8382       0.0000 1.298418e-02 3.029641e-02 2.516946e-01 3.320801e-01 2.673642e-01
  0.3000   115.0000 3.444180e-02 2.785657e-01  1     418.2889     529.9969     154.2506     187.8732     187.8732      17.9633     -60.1222       0.0000 1.033254e-02 2.410926e-02 2.345672e-01 3.182302e-01 2.572649e-01
  0.3000   117.5000 2.731330e-02 2.613213e-01  1     381.2563     492.7661     140.7491     176.0085     176.0085      13.6607     -62.5896       0.0000 8.193990e-03 1.911931e-02 2.164544e-01 3.028123e-01 2.458076e-01
  0.3000   120.0000 2.146334e-02 2.431657e-01  1     341.4861     452.9277     126.5286     163.1995     163.1995      10.2986     -64.4721       0.0000 6.439003e-03 1.502434e-02 1.967851e-01 2.853581e-01 2.325895e-01
  0.4000     0.0000 1.014841e+00 1.897581e+00  1    1581.4105    1886.7775     622.9774     631.9001     631.9001     452.0083     155.5640       0.0000 4.059363e-01 6.089044e-01 1.338347e+00 1.416408e+00 1.210644e+00
  0.4000     0.1000 1.014846e+00 1.897586e+00  1    1581.4170    1886.7888     622.9779     631.9054     631.9054     452.0089     155.5646       0.0000 4.059385e-01 6.089077e-01 1.338354e+00 1.416460e+00 1.210604e+00
  0.4000     2.5000 1.014717e+00 1.897231e+00  1    1581.2100    1886.4878     622.8832     631.8023     631.8023     451.9443     155.5855       0.0000 4.058869e-01 6.088303e-01 1.338162e+00 1.416178e+00 1.210356e+00
  0.4000     5.0000 1.014329e+00 1.896162e+00  1    1580.5868    1885.5823     622.5983     631.4920     631.4920     451.7501     155.6483       0.0000 4.057315e-01 6.085972e-01 1.337586e+00 1.415330e+00 1.209611e+00
  0.4000     7.5000 1.013679e+00 1.894378e+00  1    1579.5440    1884.0687     622.1221     630.9733     630.9733     451.4261     155.7527       0.0000 4.054717e-01 6.082076e-01 1.336619e+00 1.413911e+00 1.208363e+00
  0.4000    10.0000 1.012765e+00 1.891875e+00  1    1578.0745    1881.9396     621.4521     630.2437     630.2437     450.9714     155.8979       0.0000 4.051061e-01 6.076591e-01 1.335254e+00 1.411911e+00 1.206604e+00
  0.4000    12.5000 1.011581e+00 1.888646e+00  1    1576.1671    1879.1838     620.5849     629.2995     629.2995     450.3852     156.0831       0.0000 4.046325e-01 6.069487e-01 1.333476e+00 1.409315e+00 1.204320e+00
  0.4000    15.0000 1.010120e+00 1.884681e+00  1    1573.8074    1875.7859     619.5153     628.1353     628.1353     449.6660     156.3075       0.0000 4.040480e-01 6.060720e-01 1.331265e+00 1.406103e+00 1.201492e+00
  0.4000    17.5000 1.008373e+00 1.879969e+00  1    1570.9784    1871.7273     618.2375     626.7449     626.7449     448.8121     156.5706       0.0000 4.033491e-01 6.050236e-01 1.328599e+00 1.402249e+00 1.198096e+00
  0.4000    20.0000 1.006329e+00 1.874495e+00  1    1567.6618    1866.9865     616.7447     625.1209     625.1209     447.8215     156.8729       0.0000 4.025317e-01 6.037976e-01 1.325452e+00 1.397726e+00 1.194105e+00
  0.4000    22.5000 1.003978e+00 1.868241e+00  1    1563.8387    1861.5401     615.0296     623.2552     623.2552     446.6919     157.2162       0.0000 4.015913e-01 6.023870e-01 1.321797e+00 1.392501e+00 1.189493e+00
  0.4000    25.0000 1.001307e+00 1.861184e+00  1    1559.4902    1855.3632     613.0843     621.1394     621.1394     445.4207     157.6029       0.0000 4.005228e-01 6.007842e-01 1.317606e+00 1.386544e+00 1.184228e+00
  0.4000    27.5000 9.983017e-01 1.853302e+00  1    1554.5976    1848.4294     610.9008     618.7643     618.7643     444.0051     158.0367       0.0000 3.993207e-01 5.989810e-01 1.312851e+00 1.379819e+00 1.178279e+00
  0.4000    30.0000 9.949468e-01 1.844568e+00  1    1549.1417    1840.7109     608.4708     616.1201     616.1201     442.4418     158.5218       0.0000 3.979787e-01 5.969681e-01 1.307503e+00 1.372292e+00 1.171615e+00
  0.4000    32.5000 9.912253e-01 1.834954e+00  1    1543.1026    1832.1782     605.7852     613.1965     613.1965     440.7271     159.0627       0.0000 3.964901e-01 5.947352e-01 1.301533e+00 1.363926e+00 1.164202e+00
  0.4000    35.0000 9.871182e-01 1.824428e+00  1    1536.4593    1822.7997     602.8348     609.9825     609.9825     438.8570     159.6642       0.0000 3.948473e-01 5.922709e-01 1.294910e+00 1.354682e+00 1.156005e+00
  0.4000    37.5000 9.826041e-01 1.812956e+00  1    1529.1890    1812.5413     599.6094     606.4659     606.4659     436.8268     160.3310       0.0000 3.930416e-01 5.895625e-01 1.287603e+00 1.344520e+00 1.146988e+00
  0.4000    40.0000 9.776590e-01 1.800502e+00  1    1521.2666    1801.3656     596.0981     602.6338     602.6338     434.6311     161.0676       0.0000 3.910636e-01 5.865954e-01 1.279577e+00 1.333395e+00 1.137111e+00
  0.4000    42.5000 9.722558e-01 1.787028e+00  1    1512.6638    1789.2318     592.2889     598.4715     598.4715     432.2639     161.8785       0.0000 3.889023e-01 5.833535e-01 1.270797e+00 1.321260e+00 1.126332e+00
  0.4000    45.0000 9.663637e-01 1.772490e+00  1    1503.3489    1776.0941     588.1684     593.9629     593.9629     429.7184     162.7677       0.0000 3.865455e-01 5.798182e-01 1.261222e+00 1.308064e+00 1.114605e+00
  0.4000    47.5000 9.599472e-01 1.756844e+00  1    1493.2855    1761.9014     583.7217     589.0899     589.0899     426.9865     163.7388       0.0000 3.839789e-01 5.759683e-01 1.250806e+00 1.293749e+00 1.101879e+00
  0.4000    50.0000 9.529658e-01 1.740039e+00  1    1482.4317    1746.5956     578.9318     583.8319     583.8319     424.0589     164.7951       0.0000 3.811863e-01 5.717795e-01 1.239501e+00 1.278252e+00 1.088096e+00
  0.4000    52.5000 9.453721e-01 1.722020e+00  1    1470.7387    1730.1100     573.7793     578.1654     578.1654     420.9249     165.9395       0.0000 3.781489e-01 5.672233e-01 1.227247e+00 1.261500e+00 1.073194e+00
  0.4000    55.0000 9.371109e-01 1.702724e+00  1    1458.1492    1712.3677     568.2418     572.0630     572.0630     417.5716     167.1743       0.0000 3.748444e-01 5.622665e-01 1.213979e+00 1.243411e+00 1.057098e+00
  0.4000    57.5000 9.281165e-01 1.682081e+00  1    1444.5956    1693.2784     562.2927     565.4929     565.4929     413.9839     168.5013       0.0000 3.712466e-01 5.568699e-01 1.199617e+00 1.223890e+00 1.039724e+00
  0.4000    60.0000 9.183103e-01 1.660014e+00  1    1429.9967    1672.7352     555.9006     558.4173     558.4173     410.1435     169.9217       0.0000 3.673241e-01 5.509862e-01 1.184068e+00 1.202825e+00 1.020972e+00
  0.4000    62.5000 9.075970e-01 1.636430e+00  1    1414.2541    1650.6098     549.0278     550.7910     550.7910     406.0279     171.4355       0.0000 3.630388e-01 5.445582e-01 1.167219e+00 1.180083e+00 1.000724e+00
  0.4000    65.0000 8.958588e-01 1.611223e+00  1    1397.2469    1626.7457     541.6278     542.5590     542.5590     401.6095     173.0420       0.0000 3.583435e-01 5.375153e-01 1.148930e+00 1.155506e+00 9.788390e-01
  0.4000    67.5000 8.829482e-01 1.584268e+00  1    1378.8241    1600.9489     533.6428     533.6531     533.6531     396.8531     174.7385       0.0000 3.531793e-01 5.297689e-01 1.129027e+00 1.128898e+00 9.551421e-01
  0.4000    70.0000 8.686762e-01 1.555417e+00  1    1358.7933    1572.9742     524.9996     523.9873     523.9873     391.7135     176.5202       0.0000 3.474705e-01 5.212057e-01 1.107287e+00 1.100014e+00 9.294160e-01
  0.4000    72.5000 8.527944e-01 1.524487e+00  1    1336.9033    1542.5040     515.6023     513.4508     513.4508     386.1306     178.3785       0.0000 3.411178e-01 5.116766e-01 1.083421e+00 1.068540e+00 9.013825e-01
  0.4000    75.0000 8.349672e-01 1.491254e+00  1    1312.8178    1509.1153     505.3228     501.8963     501.8963     380.0225     180.2985       0.0000 3.339869e-01 5.009803e-01 1.057037e+00 1.034065e+00 8.706766e-01
  0.4000    77.5000 8.147234e-01 1.455434e+00  1    1286.0688    1472.2249     493.9827     489.1211     489.1211     373.2727     182.2550       0.0000 3.258894e-01 4.888340e-01 1.027595e+00 9.960309e-01 8.368028e-01
  0.4000    80.0000 7.913699e-01 1.416663e+00  1    1255.9769    1430.9925     481.3232     474.8346     474.8346     365.7072     184.2031       0.0000 3.165479e-01 4.748219e-01 9.943062e-01 9.536431e-01 7.990599e-01
  0.4000    82.5000 7.638230e-01 1.374450e+00  1    1221.4951    1384.1362     466.9451     458.5955     458.5955     357.0489     186.0582       0.0000 3.055292e-01 4.582938e-01 9.559646e-01 9.057158e-01 7.564021e-01
  0.4000    85.0000 7.302429e-01 1.328120e+00  1    1180.8788    1329.5462     450.1838     439.6812     439.6812     346.8156     187.6457       0.0000 2.920972e-01 4.381457e-01 9.105716e-01 8.503456e-01 7.071568e-01
  0.4000    87.5000 6.871235e-01 1.276689e+00  1    1130.8884    1263.3703     429.8052     416.7826     416.7826     334.0562     188.5517       0.0000 2.748494e-01 4.122741e-01 8.544618e-01 7.841818e-01 6.483944e-01
  0.4000    90.0000 6.266406e-01 1.218627e+00  1    1064.5851    1177.5898     403.1717     387.2090     387.2090     316.5252     187.5579       0.0000 2.506562e-01 3.759844e-01 7.799717e-01 7.006893e-01 5.744527e-01
  0.4000    92.5000 5.299888e-01 1.151310e+00  1     966.9003    1056.1302     364.5920     345.7691     345.7691     288.0353     179.9825       0.0000 2.119955e-01 3.179933e-01 6.716439e-01 5.893619e-01 4.765467e-01
  0.4000    95.0000 4.001810e-01 1.069482e+00  1     848.9038     918.7415     318.4424     300.1496     300.1496     244.5502     156.4195       0.0000 1.600724e-01 2.401086e-01 5.480105e-01 4.798220e-01 3.819451e-01
  0.4000    97.5000 3.015511e-01 9.588614e-01  1     766.7053     829.4279     285.8787     271.7746     271.7746     203.1044     126.2777       0.0000 1.206205e-01 1.809307e-01 4.702104e-01 4.230290e-01 3.345656e-01
  0.4000   100.0000 2.304831e-01 5.160912e-01  1     709.4303     769.7306     262.5212     253.6047     253.6047     166.0605      96.8436       0.0000 9.219323e-02 1.382898e-01 4.207995e-01 3.929805e-01 3.105774e-01
  0.4000   102.5000 1.757665e-01 3.996254e-01  1     664.0301     723.2166     243.4544     239.8811     239.8811     132.0255      69.2657       0.0000 7.030660e-02 1.054599e-01 3.844405e-01 3.737978e-01 2.959764e-01
  0.4000   105.0000 1.335664e-01 3.603219e-01  1     624.9390     683.2844     226.7905     228.2469     228.2469     101.9457      45.0567       0.0000 5.342655e-02 8.013982e-02 3.554186e-01 3.594531e-01 2.855201e-01
  0.4000   107.5000 1.018205e-01 3.336711e-01  1     589.1389     646.6636     211.6719     217.4958     217.4958      77.1941      25.4934       0.0000 4.072818e-02 6.109227e-02 3.311304e-01 3.470139e-01 2.766824e-01
  0.4000   110.0000 7.828142e-02 3.121951e-01  1     554.6758     611.4242     197.5427     206.9408     206.9408      58.0095      10.6592       0.0000 3.131257e-02 4.696885e-02 3.099032e-01 3.348967e-01 2.681063e-01
  0.4000   112.5000 6.072270e-02 2.931388e-01  1     520.2382     576.3166     183.9480     196.1843     196.1843      43.5708      -0.2713       0.0000 2.428908e-02 3.643362e-02 2.904208e-01 3.222369e-01 2.590516e-01
  0.4000   115.0000 4.737805e-02 2.750805e-01  1     484.9057     540.4501     170.5039     184.9731     184.9731      32.7589      -8.3164       0.0000 1.895122e-02 2.842683e-02 2.716245e-01 3.085067e-01 2.490652e-01
  0.4000   117.5000 3.700462e-02 2.571029e-01  1     447.9371     503.0834     156.8786     173.1024     173.1024      24.6015     -14.3210       0.0000 1.480185e-02 2.220277e-02 2.526457e-01 2.932826e-01 2.377824e-01
  0.4000   120.0000 2.876276e-02 2.384770e-01  1     408.6043     463.4675     142.7582     160.3546     160.3546      18.3715     -18.8952       0.0000 1.150511e-02 1.725766e-02 2.327084e-01 2.761094e-01 2.248114e-01
  0.5000     0.0000 1.345787e+00 1.881337e+00  1    2239.9721    2239.9721     783.0848     728.4436     728.4436     534.9450     480.3038       0.0000 6.728935e-01 6.728935e-01 2.348759e+00 1.728497e+00 1.507893e+00
  0.5000     0.1000 1.345794e+00 1.881342e+00  1    2239.9847    2239.9847     783.0866     728.4490     728.4490     534.9457     480.3081       0.0000 6.728969e-01 6.728969e-01 2.348781e+00 1.728554e+00 1.507839e+00
  0.5000     2.5000 1.345622e+00 1.880994e+00  1    2239.6345    2239.6345     782.9723     728.3311     728.3311     534.8845     480.2434       0.0000 6.728109e-01 6.728109e-01 2.348348e+00 1.728205e+00 1.507524e+00
  0.5000     5.0000 1.345104e+00 1.879950e+00  1    2238.5818    2238.5818     782.6285     727.9766     727.9766     534.7006     480.0487       0.0000 6.725522e-01 6.725522e-01 2.347048e+00 1.727156e+00 1.506576e+00
  0.5000     7.5000 1.344241e+00 1.878206e+00  1    2236.8249    2236.8249     782.0548     727.3850     727.3850     534.3938     479.7240       0.0000 6.721204e-01 6.721204e-01 2.344876e+00 1.725403e+00 1.504993e+00
  0.5000    10.0000 1.343029e+00 1.875759e+00  1    2234.3599    2234.3599     781.2500     726.5550     726.5550     533.9638     479.2688       0.0000 6.715147e-01 6.715147e-01 2.341829e+00 1.722944e+00 1.502772e+00
  0.5000    12.5000 1.341467e+00 1.872603e+00  1    2231.1814    2231.1814     780.2121     725.4846     725.4846     533.4099     478.6824       0.0000 6.707335e-01 6.707335e-01 2.337897e+00 1.719772e+00 1.499907e+00
  0.5000    15.0000 1.339550e+00 1.868729e+00  1    2227.2813    2227.2813     778.9386     724.1713     724.1713     532.7313     477.9640       0.0000 6.697750e-01 6.697750e-01 2.333070e+00 1.715876e+00 1.496389e+00
  0.5000    17.5000 1.337274e+00 1.864124e+00  1    2222.6496    2222.6496     777.4263     722.6117     722.6117     531.9270     477.1125       0.0000 6.686368e-01 6.686368e-01 2.327333e+00 1.711246e+00 1.492206e+00
  0.5000    20.0000 1.334631e+00 1.858776e+00  1    2217.2736    2217.2736     775.6708     720.8014     720.8014     530.9959     476.1264       0.0000 6.673157e-01 6.673157e-01 2.320666e+00 1.705865e+00 1.487345e+00
  0.5000    22.5000 1.331616e+00 1.852666e+00  1    2211.1381    2211.1381     773.6674     718.7354     718.7354     529.9362     475.0042       0.0000 6.658080e-01 6.658080e-01 2.313048e+00 1.699715e+00 1.481788e+00
  0.5000    25.0000 1.328218e+00 1.845774e+00  1    2204.2254    2204.2254     771.4101     716.4077     716.4077     528.7463     473.7438       0.0000 6.641090e-01 6.641090e-01 2.304452e+00 1.692776e+00 1.475517e+00
  0.5000    27.5000 1.324426e+00 1.838078e+00  1    2196.5156    2196.5156     768.8925     713.8115     713.8115     527.4239     472.3429       0.0000 6.622132e-01 6.622132e-01 2.294848e+00 1.685023e+00 1.468509e+00
  0.5000    30.0000 1.320228e+00 1.829552e+00  1    2187.9859    2187.9859     766.1070     710.9395     710.9395     525.9665     470.7989       0.0000 6.601141e-01 6.601141e-01 2.284204e+00 1.676430e+00 1.460741e+00
  0.5000    32.5000 1.315609e+00 1.820169e+00  1    2178.6117    2178.6117     763.0456     707.7831     707.7831     524.3713     469.1088       0.0000 6.578044e-01 6.578044e-01 2.272482e+00 1.666968e+00 1.452186e+00
  0.5000    35.0000 1.310551e+00 1.809899e+00  1    2168.3657    2168.3657     759.6992     704.3332     704.3332     522.6349     467.2689       0.0000 6.552756e-01 6.552756e-01 2.259643e+00 1.656606e+00 1.442815e+00
  0.5000    37.5000 1.305037e+00 1.798711e+00  1    2157.2178    2157.2178     756.0579     700.5799     700.5799     520.7536     465.2756       0.0000 6.525183e-01 6.525183e-01 2.245644e+00 1.645311e+00 1.432599e+00
  0.5000    40.0000 1.299044e+00 1.786569e+00  1    2145.1354    2145.1354     752.1110     696.5122     696.5122     518.7232     463.1244       0.0000 6.495218e-01 6.495218e-01 2.230438e+00 1.633047e+00 1.421504e+00
  0.5000    42.5000 1.292548e+00 1.773438e+00  1    2132.0828    2132.0828     747.8465     692.1181     692.1181     516.5389     460.8105       0.0000 6.462741e-01 6.462741e-01 2.213973e+00 1.619775e+00 1.409497e+00
  0.5000    45.0000 1.285524e+00 1.759278e+00  1    2118.0204    2118.0204     743.2516     687.3844     687.3844     514.1953     458.3282       0.0000 6.427618e-01 6.427618e-01 2.196196e+00 1.605453e+00 1.396539e+00
  0.5000    47.5000 1.277940e+00 1.744045e+00  1    2102.9048    2102.9048     738.3116     682.2966     682.2966     511.6865     455.6714       0.0000 6.389699e-01 6.389699e-01 2.177044e+00 1.590035e+00 1.382590e+00
  0.5000    50.0000 1.269763e+00 1.727692e+00  1    2086.6873    2086.6873     733.0106     676.8383     676.8383     509.0054     452.8331       0.0000 6.348813e-01 6.348813e-01 2.156450e+00 1.573473e+00 1.367604e+00
  0.5000    52.5000 1.260954e+00 1.710169e+00  1    2069.3137    2069.3137     727.3305     670.9916     670.9916     506.1441     449.8052       0.0000 6.304770e-01 6.304770e-01 2.134341e+00 1.555710e+00 1.351531e+00
  0.5000    55.0000 1.251470e+00 1.691417e+00  1    2050.7225    2050.7225     721.2509     664.7358     664.7358     503.0937     446.5786       0.0000 6.257348e-01 6.257348e-01 2.110633e+00 1.536685e+00 1.334318e+00
  0.5000    57.5000 1.241259e+00 1.671372e+00  1    2030.8438    2030.8438     714.7486     658.0476     658.0476     499.8437     443.1427       0.0000 6.206296e-01 6.206296e-01 2.085230e+00 1.516328e+00 1.315900e+00
  0.5000    60.0000 1.230264e+00 1.649961e+00  1    2009.5970    2009.5970     707.7967     650.9002     650.9002     496.3819     439.4854       0.0000 6.151322e-01 6.151322e-01 2.058024e+00 1.494559e+00 1.296206e+00
  0.5000    62.5000 1.218417e+00 1.627101e+00  1    1986.8888    1986.8888     700.3641     643.2623     643.2623     492.6939     435.5921       0.0000 6.092084e-01 6.092084e-01 2.028890e+00 1.471288e+00 1.275154e+00
  0.5000    65.0000 1.205635e+00 1.602695e+00  1    1962.6089    1962.6089     692.4142     635.0974     635.0974     488.7627     431.4459       0.0000 6.028177e-01 6.028177e-01 1.997679e+00 1.446406e+00 1.252647e+00
  0.5000    67.5000 1.191823e+00 1.576630e+00  1    1936.6265    1936.6265     683.9031     626.3617     626.3617     484.5679     427.0265       0.0000 5.959115e-01 5.959115e-01 1.964216e+00 1.419786e+00 1.228572e+00
  0.5000    70.0000 1.176862e+00 1.548772e+00  1    1908.7833    1908.7833     674.7780     617.0026     617.0026     480.0843     422.3089       0.0000 5.884311e-01 5.884311e-01 1.928291e+00 1.391275e+00 1.202788e+00
  0.5000    72.5000 1.160607e+00 1.518958e+00  1    1878.8851    1878.8851     664.9740     606.9556     606.9556     475.2809     417.2625       0.0000 5.803034e-01 5.803034e-01 1.889644e+00 1.360686e+00 1.175129e+00
  0.5000    75.0000 1.142874e+00 1.486990e+00  1    1846.6887    1846.6887     654.4093     596.1397     596.1397     470.1183     411.8487       0.0000 5.714368e-01 5.714368e-01 1.847950e+00 1.327783e+00 1.145383e+00
  0.5000    77.5000 1.123426e+00 1.452619e+00  1    1811.8823    1811.8823     642.9796     584.4514     584.4514     464.5456     406.0174       0.0000 5.617128e-01 5.617128e-01 1.802795e+00 1.292269e+00 1.113279e+00
  0.5000    80.0000 1.101949e+00 1.415528e+00  1    1774.0560    1774.0560     630.5468     571.7546     571.7546     458.4946     399.7024       0.0000 5.509745e-01 5.509745e-01 1.753633e+00 1.253750e+00 1.078465e+00
  0.5000    82.5000 1.078012e+00 1.375301e+00  1    1732.6503    1732.6503     616.9227     557.8638     557.8638     451.8713     392.8124       0.0000 5.390060e-01 5.390060e-01 1.699721e+00 1.211691e+00 1.040458e+00
  0.5000    85.0000 1.050994e+00 1.331371e+00  1    1686.8689    1686.8689     601.8386     542.5152     542.5152     444.5393     385.2159       0.0000 5.254972e-01 5.254972e-01 1.640000e+00 1.165334e+00 9.985755e-01
  0.5000    87.5000 1.019949e+00 1.282935e+00  1    1635.5078    1635.5078     584.8875     525.3101     525.3101     436.2890     376.7116       0.0000 5.099747e-01 5.099747e-01 1.572875e+00 1.113538e+00 9.517912e-01
  0.5000    90.0000 9.833044e-01 1.228788e+00  1    1576.5905    1576.5905     565.3999     505.5953     505.5953     426.7681     366.9636       0.0000 4.916522e-01 4.916522e-01 1.495730e+00 1.054439e+00 8.984291e-01
  0.5000    92.5000 9.380886e-01 1.166966e+00  1    1506.4339    1506.4339     542.1241     482.1549     482.1549     415.3024     355.3332       0.0000 4.690443e-01 4.690443e-01 1.403705e+00 9.845878e-01 8.353935e-01
  0.5000    95.0000 8.772719e-01 1.093852e+00  1    1416.4735    1416.4735     512.1390     452.1673     452.1673     400.2673     340.2955       0.0000 4.386359e-01 4.386359e-01 1.285551e+00 8.960509e-01 7.555716e-01
  0.5000    97.5000 7.718267e-01 1.001201e+00  1    1272.3218    1272.3218     463.6400     404.3409     404.3409     374.7430     315.4439       0.0000 3.859134e-01 3.859134e-01 1.096444e+00 7.575591e-01 6.310085e-01
  0.5000   100.0000 6.881427e-01 8.573811e-01  0       0.0000       0.0000       0.0000       0.0000       0.0000       0.0000       0.0000       0.0000 0.000000e+00 0.000000e+00 0.000000e+00 0.000000e+00 0.000000e+00
  0.5000   102.5000 2.599630e-01 4.156236e-01  1     754.4911     754.4911     274.5208     239.9851     239.9851     203.6510     169.1154       0.0000 1.299815e-01 1.299815e-01 4.747761e-01 3.655141e-01 2.889412e-01
  0.5000   105.0000 1.961195e-01 3.634744e-01  1     701.2693     701.2693     251.6422     224.8136     224.8136     164.2483     137.4196       0.0000 9.805976e-02 9.805976e-02 4.249288e-01 3.450623e-01 2.733433e-01
  0.5000   107.5000 1.484824e-01 3.326889e-01  1     658.0637     658.0637     232.6542     212.7048     212.7048     129.1621     109.2127       0.0000 7.424119e-02 7.424119e-02 3.877738e-01 3.309544e-01 2.631246e-01
  0.5000   110.0000 1.123857e-01 3.091362e-01  1     619.2474     619.2474     215.7946     201.7264     201.7264      98.9242      84.8560       0.0000 5.619283e-02 5.619283e-02 3.576386e-01 3.189244e-01 2.546443e-01
  0.5000   112.5000 8.532067e-02 2.888336e-01  1     582.1336     582.1336     200.2733     190.9302     190.9302      74.3908      65.0477       0.0000 4.266033e-02 4.266033e-02 3.319528e-01 3.069404e-01 2.461768e-01
  0.5000   115.0000 6.508336e-02 2.699634e-01  1     545.1252     545.1252     185.5291     179.7981     179.7981      55.4094      49.6783       0.0000 3.254168e-02 3.254168e-02 3.089511e-01 2.939454e-01 2.368243e-01
  0.5000   117.5000 4.979093e-02 2.514510e-01  1     507.1152     507.1152     171.0762     168.0195     168.0195      41.0533      37.9966       0.0000 2.489547e-02 2.489547e-02 2.872075e-01 2.793374e-01 2.260732e-01
  0.5000   120.0000 3.802117e-02 2.325060e-01  1     467.1690     467.1690     156.4724     155.3483     155.3483      30.2339      29.1097       0.0000 1.901059e-02 1.901059e-02 2.655215e-01 2.626417e-01 2.135158e-01
