# ZL+vMIT Phase Boundaries
# eta = 0.10
# eq_mode = fixed_yc
# ZL params: ZL_Constantinou
# vMIT params: B^1/4=180.0 MeV, a=0.2 fm^2
# Columns: Y_C T n_B_onset n_B_offset conv mu_p_H mu_n_H mu_u_Q mu_d_Q mu_s_Q mu_eL_H mu_eL_Q mu_eG n_p_H n_n_H n_u_Q n_d_Q n_s_Q
  0.0100     0.0000 4.573298e-01 1.732693e+00  1     960.4554    1229.7119     269.0463     480.3328     480.3328     101.3310    -478.3701     101.3310 4.573298e-03 4.527565e-01 1.048604e-01 9.147670e-01 7.385051e-01
  0.0100     0.1000 4.573326e-01 1.732697e+00  1     960.4560    1229.7168     269.0451     480.3358     480.3358     101.3307    -478.3699     101.3307 4.573326e-03 4.527593e-01 1.048598e-01 9.147955e-01 7.384757e-01
  0.0100     2.5000 4.562956e-01 1.732288e+00  1     958.4908    1228.0217     268.2669     479.8774     479.8774     101.0514    -478.1529     101.0514 4.562956e-03 4.517327e-01 1.040473e-01 9.131257e-01 7.369446e-01
  0.0100     5.0000 4.530714e-01 1.731058e+00  1     952.4346    1222.7928     265.8706     478.4611     478.4611     100.2012    -477.4755     100.2012 4.530714e-03 4.485407e-01 1.015671e-01 9.079547e-01 7.322019e-01
  0.0100     7.5000 4.481644e-01 1.729003e+00  1     943.4172    1214.9120     262.3195     476.2963     476.2963      98.8111    -476.3687      98.8111 4.481644e-03 4.436828e-01 9.807443e-02 9.001175e-01 7.250280e-01
  0.0100    10.0000 4.418682e-01 1.726119e+00  1     932.1585    1204.9439     257.9073     473.5183     473.5183      96.8931    -474.8510      96.8931 4.418682e-03 4.374495e-01 9.400202e-02 8.901691e-01 7.159431e-01
  0.0100    12.5000 4.343026e-01 1.722395e+00  1     919.0420    1193.1914     252.7892     470.2011     470.2011      94.4448    -472.9307      94.4448 4.343026e-03 4.299595e-01 8.959543e-02 8.784281e-01 7.052480e-01
  0.0100    15.0000 4.254995e-01 1.717819e+00  1     904.2922    1179.8359     247.0541     466.3909     466.3909      91.4557    -470.6131      91.4557 4.254995e-03 4.212445e-01 8.500764e-02 8.651098e-01 6.931477e-01
  0.0100    17.5000 4.154370e-01 1.712375e+00  1     888.0488    1164.9962     240.7548     462.1207     462.1207      87.9111    -467.9039      87.9111 4.154370e-03 4.112826e-01 8.033951e-02 8.503837e-01 6.798050e-01
  0.0100    20.0000 4.040519e-01 1.706041e+00  1     870.4017    1148.7589     233.9219     457.4185     457.4185      83.7949    -464.8119      83.7949 4.040519e-03 4.000113e-01 7.565916e-02 8.344037e-01 6.653689e-01
  0.0100    22.5000 3.912447e-01 1.698794e+00  1     851.4110    1131.1959     226.5717     452.3121     452.3121      79.0941    -461.3514      79.0941 3.912447e-03 3.873323e-01 7.101275e-02 8.173289e-01 6.499932e-01
  0.0100    25.0000 3.768807e-01 1.690603e+00  1     831.1208    1112.3793     218.7107     446.8343     446.8343      73.8040    -457.5449      73.8040 3.768807e-03 3.731119e-01 6.643131e-02 7.993397e-01 6.338518e-01
  0.0100    27.5000 3.607893e-01 1.681438e+00  1     809.5723    1092.3953     210.3407     441.0273     441.0273      67.9371    -453.4266      67.9371 3.607893e-03 3.571814e-01 6.193612e-02 7.806555e-01 6.171543e-01
  0.0100    30.0000 3.427643e-01 1.671262e+00  1     786.8192    1071.3616     201.4644     434.9486     434.9486      61.5360    -449.0463      61.5360 3.427643e-03 3.393366e-01 5.754390e-02 7.615509e-01 6.001608e-01
  0.0100    32.5000 3.225681e-01 1.660036e+00  1     762.9483    1049.4460     192.0944     428.6758     428.6758      54.6888    -444.4737      54.6888 3.225681e-03 3.193424e-01 5.327249e-02 7.423711e-01 5.831948e-01
  0.0100    35.0000 2.999444e-01 1.647718e+00  1     738.1093    1026.8893     182.2659     422.3117     422.3117      47.5414    -439.8005      47.5414 2.999444e-03 2.969449e-01 4.914746e-02 7.235408e-01 5.666504e-01
  0.0100    37.5000 2.746518e-01 1.634262e+00  1     712.5557    1004.0264     172.0574     415.9845     415.9845      40.2974    -435.1387      40.2974 2.746518e-03 2.719053e-01 4.520993e-02 7.055577e-01 5.509848e-01
  0.0100    40.0000 2.465500e-01 1.619619e+00  1     686.7001     981.3030     161.6197     409.8416     409.8416      33.1979    -430.6118      33.1979 2.465500e-03 2.440845e-01 4.152538e-02 6.889586e-01 5.366866e-01
  0.0100    42.5000 2.158079e-01 1.603736e+00  1     661.1688     959.2706     151.2108     404.0299     404.0299      26.4943    -426.3319      26.4943 2.158079e-03 2.136498e-01 3.819139e-02 6.742417e-01 5.242033e-01
  0.0100    45.0000 1.833116e-01 1.586554e+00  1     636.7755     938.5100     141.2003     398.6548     398.6548      20.4374    -422.3623      20.4374 1.833116e-03 1.814784e-01 3.532867e-02 6.617211e-01 5.138110e-01
  0.0100    47.5000 1.510589e-01 1.568009e+00  1     614.2110     919.3868     131.9419     393.7225     393.7225      15.2715    -418.6813      15.2715 1.510589e-03 1.495483e-01 3.301513e-02 6.513387e-01 5.054452e-01
  0.0100    50.0000 1.216999e-01 1.548032e+00  1     593.4452     901.7118     123.4837     389.1141     389.1141      11.1638    -415.1985      11.1638 1.216999e-03 1.204829e-01 3.116161e-02 6.426142e-01 4.986600e-01
  0.0100    52.5000 9.704851e-02 1.526542e+00  1     573.5568     884.7560     115.4478     384.6541     384.6541       8.0961    -411.8329       8.0961 9.704854e-04 9.607803e-02 2.948140e-02 6.349131e-01 4.928735e-01
  0.0100    55.0000 7.734317e-02 1.503448e+00  1     553.3646     867.7078     107.3034     380.2022     380.2022       5.8863    -408.5586       5.8863 7.734317e-04 7.656973e-02 2.763216e-02 6.277595e-01 4.876502e-01
  0.0100    57.5000 6.187398e-02 1.478643e+00  1     532.0003     849.9977      98.6474     375.6752     375.6752       4.3110    -405.3862       4.3110 6.187398e-04 6.125524e-02 2.534095e-02 6.208869e-01 4.827459e-01
  0.0100    60.0000 4.973583e-02 1.452001e+00  1     508.9857     831.3065      89.2563     371.0251     371.0251       3.1834    -402.3369       3.1834 4.973583e-04 4.923847e-02 2.241455e-02 6.141499e-01 4.780264e-01
  0.0100    62.5000 4.014810e-02 1.423367e+00  1     484.1020     811.4679      79.0322     366.2179     366.2179       2.3686    -399.4335       2.3686 4.014810e-04 3.974662e-02 1.870016e-02 6.074507e-01 4.734007e-01
  0.0100    65.0000 3.250993e-02 1.392552e+00  1     457.2668     790.3904      67.9460     361.2222     361.2222       1.7734    -396.7014       1.7734 3.250993e-04 3.218484e-02 1.404806e-02 6.007032e-01 4.687891e-01
  0.0100    67.5000 2.637311e-02 1.359314e+00  1     428.4573     768.0095      56.0021     356.0037     356.0037       1.3341    -394.1716       1.3341 2.637311e-04 2.610938e-02 8.286308e-03 5.938178e-01 4.641088e-01
  0.0100    70.0000 2.140372e-02 1.323344e+00  1     397.6664     744.2608      43.2167     350.5221     350.5221       1.0068    -391.8833       1.0068 2.140372e-04 2.118969e-02 1.204543e-03 5.866931e-01 4.592671e-01
  0.0100    72.5000 1.735094e-02 1.284233e+00  1     364.8746     719.0617      29.6056     344.7281     344.7281       0.7608    -389.8847       0.7608 1.735094e-04 1.717743e-02 -7.457054e-03 5.792095e-01 4.541557e-01
  0.0100    75.0000 1.402449e-02 1.241425e+00  1     330.0326     692.2978      15.1763     338.5608     338.5608       0.5747    -388.2332       0.5747 1.402449e-04 1.388424e-02 -1.801615e-02 5.712224e-01 4.486450e-01
  0.0100    77.5000 1.127934e-02 1.194136e+00  1     293.0522     663.8129      -0.0744     331.9436     331.9436       0.4328    -386.9941       0.4328 1.127934e-04 1.116654e-02 -3.085402e-02 5.625533e-01 4.425763e-01
  0.0100    80.0000 9.006091e-03 1.141197e+00  1     253.8269     633.4118     -16.1488     324.7803     324.7803       0.3243    -386.2343       0.3243 9.006091e-05 8.916030e-03 -4.640959e-02 5.529799e-01 4.357534e-01
  0.0100    82.5000 7.127368e-03 1.080744e+00  1     212.3561     600.9216     -32.9869     316.9543     316.9543       0.2414    -386.0012       0.2414 7.127368e-05 7.056094e-03 -6.511455e-02 5.422323e-01 4.279400e-01
  0.0100    85.0000 5.602710e-03 1.009455e+00  1     169.2319     566.4683     -50.2399     308.3541     308.3541       0.1787    -386.2452       0.1787 5.602710e-05 5.546683e-03 -8.708656e-02 5.300405e-01 4.189025e-01
  0.0100    87.5000 4.439279e-03 9.203189e-01  1     126.9190     531.2825     -66.6986     298.9905     298.9905       0.1336    -386.6098       0.1336 4.439279e-05 4.394887e-03 -1.111631e-01 5.163749e-01 4.086213e-01
  0.0100    90.0000 3.663592e-03 7.929250e-01  1      90.5155     498.3666     -80.0207     289.1936     289.1936       0.1042    -386.2638       0.1042 3.663592e-05 3.626956e-03 -1.338534e-01 5.018790e-01 3.976665e-01
  0.0100    92.5000 3.225040e-03 5.625972e-01  1      63.7300     470.2459     -88.6244     279.4352     279.4352       0.0869    -384.4774       0.0869 3.225040e-05 3.192789e-03 -1.516324e-01 4.875454e-01 3.869061e-01
  0.0100    95.0000 3.002297e-03 4.469319e-01  1      45.5014     446.6217     -93.1193     269.8705     269.8705       0.0767    -381.2283       0.0767 3.002297e-05 2.972274e-03 -1.640701e-01 4.737375e-01 3.766503e-01
  0.0100    97.5000 2.896692e-03 4.012151e-01  1      33.0681     425.9774     -94.8219     260.3997     260.3997       0.0702    -376.8068       0.0702 2.896692e-05 2.867725e-03 -1.724151e-01 4.602656e-01 3.667258e-01
  0.0100   100.0000 2.852241e-03 3.730236e-01  1      24.3211     407.0597     -94.7053     250.8825     250.8825       0.0657    -371.4422       0.0657 2.852241e-05 2.823719e-03 -1.778310e-01 4.468323e-01 3.568675e-01
  0.0100   102.5000 2.838778e-03 3.523192e-01  1      17.9615     389.0503     -93.3549     241.2026     241.2026       0.0623    -365.2512       0.0623 2.838778e-05 2.810391e-03 -1.810667e-01 4.331757e-01 3.468434e-01
  0.0100   105.0000 2.838963e-03 3.354449e-01  1      13.2076     371.4186     -91.1127     231.2657     231.2657       0.0594    -358.2669       0.0594 2.838963e-05 2.810574e-03 -1.825575e-01 4.190723e-01 3.364562e-01
  0.0100   107.5000 2.841751e-03 3.205783e-01  1       9.5762     353.7973     -88.1804     220.9889     220.9889       0.0567    -350.4623       0.0567 2.841751e-05 2.813333e-03 -1.825380e-01 4.043158e-01 3.255243e-01
  0.0100   110.0000 2.839244e-03 3.066180e-01  1       6.7573     335.9049     -84.6758     210.2904     210.2904       0.0541    -341.7606       0.0541 2.839244e-05 2.810851e-03 -1.811122e-01 3.886966e-01 3.138642e-01
  0.0100   112.5000 2.825081e-03 2.928046e-01  1       4.5456     317.4985     -80.6634     199.0810     199.0810       0.0514    -332.0339       0.0514 2.825081e-05 2.796830e-03 -1.782904e-01 3.719833e-01 3.012741e-01
  0.0100   115.0000 2.793493e-03 2.785520e-01  1       2.8014     298.3403     -76.1697     187.2550     187.2550       0.0487    -321.0935       0.0487 2.793493e-05 2.765558e-03 -1.740061e-01 3.539028e-01 2.875169e-01
  0.0100   117.5000 2.738622e-03 2.633456e-01  1       1.4283     278.1672     -71.1894     174.6783     174.6783       0.0457    -308.6665       0.0457 2.738622e-05 2.711236e-03 -1.681174e-01 3.341137e-01 2.722979e-01
  0.0100   120.0000 2.653859e-03 2.466616e-01  1       0.3595     256.6551     -65.6857     161.1704     161.1704       0.0425    -294.3529       0.0425 2.653859e-05 2.627320e-03 -1.603945e-01 3.121662e-01 2.552302e-01
  0.1000     0.0000 5.249639e-01 1.811849e+00  1    1034.3720    1299.2283     303.8839     497.6722     497.6722     228.5797    -482.0998     228.5797 5.249639e-02 4.724675e-01 1.546638e-01 9.839056e-01 8.030020e-01
  0.1000     0.1000 5.249678e-01 1.811854e+00  1    1034.3749    1299.2353     303.8835     497.6759     497.6759     228.5800    -482.0998     228.5800 5.249678e-02 4.724711e-01 1.546643e-01 9.839387e-01 8.029722e-01
  0.1000     2.5000 5.247572e-01 1.811473e+00  1    1034.0036    1298.8248     303.7563     497.5342     497.5342     228.4596    -481.9721     228.4596 5.247572e-02 4.722815e-01 1.546545e-01 9.835122e-01 8.025964e-01
  0.1000     5.0000 5.240904e-01 1.810327e+00  1    1032.8236    1297.5354     303.3490     497.0932     497.0932     228.0927    -481.5832     228.0927 5.240904e-02 4.716814e-01 1.545867e-01 9.821680e-01 8.014090e-01
  0.1000     7.5000 5.228847e-01 1.808413e+00  1    1030.6809    1295.2319     302.6024     496.3148     496.3148     227.4668    -480.9192     227.4668 5.228847e-02 4.705962e-01 1.543718e-01 9.797512e-01 7.992654e-01
  0.1000    10.0000 5.210833e-01 1.805728e+00  1    1027.4835    1291.8259     301.4828     495.1715     495.1715     226.5722    -479.9651     226.5722 5.210833e-02 4.689750e-01 1.539642e-01 9.761516e-01 7.960635e-01
  0.1000    12.5000 5.186729e-01 1.802262e+00  1    1023.2317    1287.3053     299.9937     493.6558     493.6558     225.4051    -478.7097     225.4051 5.186729e-02 4.668056e-01 1.533772e-01 9.713405e-01 7.917775e-01
  0.1000    15.0000 5.156577e-01 1.798005e+00  1    1017.9649    1281.6905     298.1535     491.7685     491.7685     223.9634    -477.1436     223.9634 5.156577e-02 4.640919e-01 1.526481e-01 9.653278e-01 7.864184e-01
  0.1000    17.5000 5.120438e-01 1.792943e+00  1    1011.7284    1275.0077     295.9832     489.5122     489.5122     222.2450    -475.2584     222.2450 5.120438e-02 4.608394e-01 1.518166e-01 9.581337e-01 7.800070e-01
  0.1000    20.0000 5.078322e-01 1.787057e+00  1    1004.5622    1267.2787     293.5013     486.8887     486.8887     220.2460    -473.0452     220.2460 5.078322e-02 4.570490e-01 1.509174e-01 9.497780e-01 7.725642e-01
  0.1000    22.5000 5.030165e-01 1.780326e+00  1     996.4969    1258.5176     290.7225     483.8976     483.8976     217.9610    -470.4951     217.9610 5.030165e-02 4.527148e-01 1.499782e-01 9.402761e-01 7.641073e-01
  0.1000    25.0000 4.975817e-01 1.772726e+00  1     987.5529    1248.7304     287.6572     480.5366     480.5366     215.3823    -467.5984     215.3823 4.975817e-02 4.478236e-01 1.490187e-01 9.296391e-01 7.546503e-01
  0.1000    27.5000 4.915037e-01 1.764227e+00  1     977.7408    1237.9151     284.3119     476.8016     476.8016     212.5001    -464.3455     212.5001 4.915037e-02 4.423533e-01 1.480507e-01 9.178745e-01 7.442040e-01
  0.1000    30.0000 4.847479e-01 1.754800e+00  1     967.0612    1226.0618     280.6887     472.6865     472.6865     209.3017    -460.7262     209.3017 4.847479e-02 4.362731e-01 1.470783e-01 9.049870e-01 7.327774e-01
  0.1000    32.5000 4.772686e-01 1.744408e+00  1     955.5053    1213.1535     276.7858     468.1839     468.1839     205.7714    -456.7305     205.7714 4.772686e-02 4.295417e-01 1.460979e-01 8.909804e-01 7.203794e-01
  0.1000    35.0000 4.690079e-01 1.733015e+00  1     943.0547    1199.1667     272.5968     463.2850     463.2850     201.8899    -452.3491     201.8899 4.690079e-02 4.221071e-01 1.450979e-01 8.758597e-01 7.070203e-01
  0.1000    37.5000 4.598936e-01 1.720581e+00  1     929.6820    1184.0721     268.1111     457.9805     457.9805     197.6336    -447.5735     197.6336 4.598936e-02 4.139043e-01 1.440588e-01 8.596332e-01 6.927144e-01
  0.1000    40.0000 4.498378e-01 1.707060e+00  1     915.3504    1167.8354     263.3132     452.2611     452.2611     192.9736    -442.3978     192.9736 4.498378e-02 4.048541e-01 1.429528e-01 8.423161e-01 6.774830e-01
  0.1000    42.5000 4.387339e-01 1.692405e+00  1     900.0140    1150.4193     258.1825     446.1184     446.1184     187.8745    -436.8193     187.8745 4.387339e-02 3.948605e-01 1.417428e-01 8.239348e-01 6.613581e-01
  0.1000    45.0000 4.264537e-01 1.676564e+00  1     883.6187    1131.7860     252.6927     439.5466     439.5466     182.2927    -430.8412     182.2927 4.264537e-02 3.838084e-01 1.403824e-01 8.045329e-01 6.443881e-01
  0.1000    47.5000 4.128449e-01 1.659479e+00  1     866.1030    1111.9009     246.8117     432.5446     432.5446     176.1749    -424.4755     176.1749 4.128449e-02 3.715604e-01 1.388151e-01 7.841795e-01 6.266455e-01
  0.1000    50.0000 3.977276e-01 1.641085e+00  1     847.4018    1090.7397     240.5014     425.1191     425.1191     169.4547    -417.7470     169.4547 3.977276e-02 3.579549e-01 1.369745e-01 7.629805e-01 6.082359e-01
  0.1000    52.5000 3.808941e-01 1.621310e+00  1     827.4521    1068.2977     233.7188     417.2895     417.2895     162.0510    -410.6994     162.0510 3.808941e-02 3.428047e-01 1.347855e-01 7.410925e-01 5.893115e-01
  0.1000    55.0000 3.621106e-01 1.600072e+00  1     806.2035    1044.6053     226.4183     409.0935     409.0935     153.8646    -403.4016     153.8646 3.621106e-02 3.258995e-01 1.321681e-01 7.187407e-01 5.700853e-01
  0.1000    57.5000 3.411279e-01 1.577278e+00  1     783.6367    1019.7474     218.5575     400.5950     400.5950     144.7776    -395.9547     144.7776 3.411279e-02 3.070151e-01 1.290449e-01 6.962357e-01 5.508456e-01
  0.1000    60.0000 3.177072e-01 1.552819e+00  1     759.7914     993.8887     210.1082     391.8903     391.8903     134.6568    -388.4954     134.6568 3.177072e-02 2.859365e-01 1.253562e-01 6.739858e-01 5.319657e-01
  0.1000    62.5000 2.916744e-01 1.526566e+00  1     734.8078     967.3005     201.0758     383.1123     383.1123     123.3692    -381.1919     123.3692 2.916744e-02 2.625070e-01 1.210843e-01 6.524926e-01 5.138971e-01
  0.1000    65.0000 2.630291e-01 1.498368e+00  1     708.9799     940.3799     191.5298     374.4251     374.4251     110.8249    -374.2218     110.8249 2.630291e-02 2.367262e-01 1.162883e-01 6.323120e-01 4.971332e-01
  0.1000    67.5000 2.321417e-01 1.468039e+00  1     682.8044     913.6440     181.6417     366.0011     366.0011      97.0743    -367.7283      97.0743 2.321417e-02 2.089275e-01 1.111442e-01 6.139640e-01 4.821277e-01
  0.1000    70.0000 2.000296e-01 1.435350e+00  1     656.9690     887.6632     171.7073     357.9780     357.9780      82.4779    -361.7582      82.4779 2.000296e-02 1.800266e-01 1.059587e-01 5.977863e-01 4.691643e-01
  0.1000    72.5000 1.684926e-01 1.400015e+00  1     632.1648     862.8880     162.0859     350.4011     350.4011      67.8556    -356.2248      67.8556 1.684926e-02 1.516433e-01 1.010910e-01 5.837775e-01 4.582216e-01
  0.1000    75.0000 1.396427e-01 1.361661e+00  1     608.7087     839.4147     153.0200     343.1974     343.1974      54.3280    -350.9583      54.3280 1.396427e-02 1.256784e-01 9.675302e-02 5.715695e-01 4.489533e-01
  0.1000    77.5000 1.149143e-01 1.319792e+00  1     586.3221     816.9196     144.4815     336.2191     336.2191      42.7762    -345.8231      42.7762 1.149143e-02 1.034229e-01 9.285558e-02 5.606179e-01 4.408614e-01
  0.1000    80.0000 9.458505e-02 1.273724e+00  1     564.3598     794.8713     136.2326     329.3194     329.3194      33.4694    -340.7791      33.4694 9.458505e-03 8.512655e-02 8.908526e-02 5.504419e-01 4.335094e-01
  0.1000    82.5000 7.815349e-02 1.222461e+00  1     542.1782     772.7758     127.9968     322.3895     322.3895      26.1981    -335.8513      26.1981 7.815349e-03 7.033814e-02 8.508868e-02 5.407104e-01 4.265975e-01
  0.1000    85.0000 6.488317e-02 1.164458e+00  1     519.3023     750.2663     119.5568     315.3547     315.3547      20.5764    -331.0840      20.5764 6.488317e-03 5.839486e-02 8.057259e-02 5.312062e-01 4.199284e-01
  0.1000    87.5000 5.409089e-02 1.097076e+00  1     495.4184     727.0858     110.7667     308.1596     308.1596      16.2272    -326.5181      16.2272 5.409089e-03 4.868180e-02 7.531249e-02 5.217713e-01 4.133586e-01
  0.1000    90.0000 4.522745e-02 1.015070e+00  1     470.3183     703.0445     101.5327     300.7559     300.7559      12.8431    -322.1870      12.8431 4.522745e-03 4.070470e-02 6.912831e-02 5.122712e-01 4.067664e-01
  0.1000    92.5000 3.787307e-02 9.045814e-01  1     443.8488     677.9841      91.7917     293.0962     293.0962      10.1897    -318.1181      10.1897 3.787307e-03 3.408577e-02 6.185870e-02 5.025758e-01 4.000346e-01
  0.1000    95.0000 3.171141e-02 6.742131e-01  1     415.8759     651.7520      81.4952     285.1284     285.1284       8.0928    -314.3360       8.0928 3.171141e-03 2.854027e-02 5.334117e-02 4.925478e-01 3.930406e-01
  0.1000    97.5000 2.650384e-02 4.393327e-01  1     386.2620     624.1840      70.5992     276.7924     276.7924       6.4233    -310.8641       6.4233 2.650384e-03 2.385346e-02 4.339768e-02 4.820336e-01 3.856482e-01
  0.1000   100.0000 2.206952e-02 3.908671e-01  1     354.8507     595.0894      59.0581     268.0156     268.0156       5.0854    -307.7248       5.0854 2.206952e-03 1.986257e-02 3.182486e-02 4.708550e-01 3.777006e-01
  0.1000   102.5000 1.827119e-02 3.625107e-01  1     321.4643     564.2414      46.8253     258.7081     258.7081       4.0077    -304.9363       4.0077 1.827119e-03 1.644407e-02 1.839084e-02 4.587973e-01 3.690103e-01
  0.1000   105.0000 1.500621e-02 3.417759e-01  1     285.9247     531.3781      33.8664     248.7559     248.7559       3.1369    -302.5015       3.1369 1.500621e-03 1.350559e-02 2.849822e-03 4.455956e-01 3.593475e-01
  0.1000   107.5000 1.220242e-02 3.246997e-01  1     248.1459     496.2378      20.2053     238.0163     238.0163       2.4336    -300.3754       2.4336 1.220242e-03 1.098218e-02 -1.499036e-02 4.309194e-01 3.484271e-01
  0.1000   110.0000 9.819420e-03 3.093905e-01  1     208.4071     458.7016       6.0545     226.3236     226.3236       1.8704    -298.3836       1.8704 9.819420e-04 8.837478e-03 -3.505381e-02 4.143744e-01 3.359115e-01
  0.1000   112.5000 7.852084e-03 2.947196e-01  1     167.9659     419.1612      -7.9110     213.5361     213.5361       1.4300    -296.0520       1.4300 7.852084e-04 7.066876e-03 -5.648007e-02 3.955780e-01 3.214759e-01
  0.1000   115.0000 6.316923e-03 2.799031e-01  1     129.7001     379.0037     -20.2988     199.6512     199.6512       1.1009    -292.4350       1.1009 6.316923e-04 5.685231e-03 -7.697470e-02 3.743764e-01 3.049946e-01
  0.1000   117.5000 5.195359e-03 2.643134e-01  1      97.1349     340.2129     -29.5003     184.8566     184.8566       0.8673    -286.3439       0.8673 5.195359e-04 4.675823e-03 -9.334018e-02 3.509848e-01 2.866560e-01
  0.1000   120.0000 4.392773e-03 2.473601e-01  1      71.8092     303.7449     -34.8653     169.3051     169.3051       0.7031    -276.9505       0.7031 4.392773e-04 3.953496e-03 -1.035659e-01 3.256022e-01 2.666295e-01
  0.2000     0.0000 6.048781e-01 1.859140e+00  1    1115.3832    1372.7485     338.5162     517.1161     517.1161     301.9210    -485.7337     301.9210 1.209756e-01 4.839024e-01 2.146074e-01 1.063209e+00 8.772508e-01
  0.2000     0.1000 6.048824e-01 1.859144e+00  1    1115.3866    1372.7564     338.5160     517.1202     517.1202     301.9215    -485.7339     301.9215 1.209765e-01 4.839059e-01 2.146083e-01 1.063246e+00 8.772191e-01
  0.2000     2.5000 6.047395e-01 1.858775e+00  1    1115.1476    1372.4567     338.4422     517.0073     517.0073     301.8297    -485.6108     301.8297 1.209479e-01 4.837916e-01 2.146805e-01 1.062920e+00 8.769353e-01
  0.2000     5.0000 6.043033e-01 1.857663e+00  1    1114.4177    1371.5453     338.2162     516.6645     516.6645     301.5527    -485.2393     301.5527 1.208607e-01 4.834426e-01 2.148900e-01 1.061925e+00 8.760692e-01
  0.2000     7.5000 6.035510e-01 1.855807e+00  1    1113.1558    1369.9832     337.8229     516.0802     516.0802     301.0866    -484.6142     301.0866 1.207102e-01 4.828408e-01 2.152098e-01 1.060214e+00 8.745747e-01
  0.2000    10.0000 6.024466e-01 1.853202e+00  1    1111.2994    1367.7102     337.2396     515.2353     515.2353     300.4247    -483.7262     300.4247 1.204893e-01 4.819573e-01 2.156009e-01 1.057705e+00 8.723782e-01
  0.2000    12.5000 6.009565e-01 1.849841e+00  1    1108.7931    1364.6695     336.4472     514.1111     514.1111     299.5608    -482.5640     299.5608 1.201913e-01 4.807652e-01 2.160318e-01 1.054323e+00 8.694076e-01
  0.2000    15.0000 5.990568e-01 1.845714e+00  1    1105.6039    1360.8220     335.4356     512.6932     512.6932     298.4897    -481.1156     298.4897 1.198114e-01 4.792455e-01 2.164886e-01 1.050007e+00 8.656086e-01
  0.2000    17.5000 5.967327e-01 1.840808e+00  1    1101.7184    1356.1446     334.2025     510.9710     510.9710     297.2076    -479.3690     297.2076 1.193465e-01 4.773862e-01 2.169719e-01 1.044719e+00 8.609450e-01
  0.2000    20.0000 5.939739e-01 1.835106e+00  1    1097.1350    1350.6237     332.7503     508.9367     508.9367     295.7110    -477.3120     295.7110 1.187948e-01 4.751791e-01 2.174905e-01 1.038431e+00 8.553928e-01
  0.2000    22.5000 5.907710e-01 1.828588e+00  1    1091.8563    1344.2493     331.0830     506.5832     506.5832     293.9962    -474.9321     293.9962 1.181542e-01 4.726168e-01 2.180558e-01 1.031121e+00 8.489337e-01
  0.2000    25.0000 5.871127e-01 1.821232e+00  1    1085.8853    1337.0111     329.2048     503.9032     503.9032     292.0588    -472.2162     292.0588 1.174225e-01 4.696902e-01 2.186786e-01 1.022771e+00 8.415521e-01
  0.2000    27.5000 5.829840e-01 1.813011e+00  1    1079.2223    1328.8962     327.1191     500.8886     500.8886     289.8935    -469.1501     289.8935 1.165968e-01 4.663872e-01 2.193673e-01 1.013360e+00 8.332326e-01
  0.2000    30.0000 5.783654e-01 1.803897e+00  1    1071.8638    1319.8879     324.8274     497.5303     497.5303     287.4934    -465.7189     287.4934 1.156731e-01 4.626923e-01 2.201263e-01 1.002868e+00 8.239589e-01
  0.2000    32.5000 5.732316e-01 1.793857e+00  1    1063.8009    1309.9646     322.3295     493.8175     493.8175     284.8503    -461.9065     284.8503 1.146463e-01 4.585853e-01 2.209553e-01 9.912730e-01 8.137133e-01
  0.2000    35.0000 5.675510e-01 1.782859e+00  1    1055.0194    1299.0993     319.6231     489.7381     489.7381     281.9539    -457.6952     281.9539 1.135102e-01 4.540408e-01 2.218494e-01 9.785487e-01 8.024768e-01
  0.2000    37.5000 5.612843e-01 1.770865e+00  1    1045.4984    1287.2590     316.7032     485.2779     485.2779     278.7921    -453.0663     278.7921 1.122569e-01 4.490274e-01 2.227979e-01 9.646681e-01 7.902284e-01
  0.2000    40.0000 5.543837e-01 1.757835e+00  1    1035.2102    1274.4039     313.5621     480.4209     480.4209     275.3498    -447.9990     275.3498 1.108767e-01 4.435069e-01 2.237840e-01 9.496014e-01 7.769457e-01
  0.2000    42.5000 5.467913e-01 1.743725e+00  1    1024.1188    1260.4867     310.1890     475.1488     475.1488     271.6089    -442.4712     271.6089 1.093583e-01 4.374330e-01 2.247839e-01 9.333166e-01 7.626049e-01
  0.2000    45.0000 5.384369e-01 1.728490e+00  1    1012.1795    1245.4518     306.5695     469.4412     469.4412     267.5474    -436.4588     267.5474 1.076874e-01 4.307495e-01 2.257661e-01 9.157800e-01 7.471813e-01
  0.2000    47.5000 5.292358e-01 1.712078e+00  1     999.3369    1229.2344     302.6848     463.2748     463.2748     263.1383    -429.9364     263.1383 1.058472e-01 4.233886e-01 2.266898e-01 8.969567e-01 7.306500e-01
  0.2000    50.0000 5.190853e-01 1.694431e+00  1     985.5235    1211.7594     298.5109     456.6243     456.6243     258.3485    -422.8776     258.3485 1.038171e-01 4.152682e-01 2.275032e-01 8.768128e-01 7.129878e-01
  0.2000    52.5000 5.078609e-01 1.675488e+00  1     970.6579    1192.9411     294.0178     449.4617     449.4617     253.1369    -415.2559     253.1369 1.015722e-01 4.062887e-01 2.281410e-01 8.553174e-01 6.941755e-01
  0.2000    55.0000 4.954113e-01 1.655178e+00  1     954.6428    1172.6826     289.1676     441.7575     441.7575     247.4518    -407.0470     247.4518 9.908226e-02 3.963290e-01 2.285221e-01 8.324477e-01 6.742022e-01
  0.2000    57.5000 4.815526e-01 1.633420e+00  1     937.3631    1150.8778     283.9135     433.4821     433.4821     241.2281    -398.2321     241.2281 9.631051e-02 3.852420e-01 2.285455e-01 8.081965e-01 6.530726e-01
  0.2000    60.0000 4.660622e-01 1.610123e+00  1     918.6854    1127.4147     278.1979     424.6084     424.6084     234.3830    -388.8045     234.3830 9.321244e-02 3.728498e-01 2.280866e-01 7.825851e-01 6.308187e-01
  0.2000    62.5000 4.486743e-01 1.585179e+00  1     898.4604    1102.1854     271.9511     415.1172     415.1172     226.8107    -378.7791     226.8107 8.973485e-02 3.589394e-01 2.269943e-01 7.556834e-01 6.075182e-01
  0.2000    65.0000 4.290786e-01 1.558464e+00  1     876.5307    1075.1041     265.0915     405.0063     405.0063     218.3766    -368.2091     218.3766 8.581571e-02 3.432628e-01 2.250893e-01 7.276415e-01 5.833218e-01
  0.2000    67.5000 4.069314e-01 1.529827e+00  1     852.7513    1046.1394     257.5290     394.3052     394.3052     208.9111    -357.2083     208.9111 8.138629e-02 3.255451e-01 2.221703e-01 6.987332e-01 5.584920e-01
  0.2000    70.0000 3.818887e-01 1.499088e+00  1     827.0277    1015.3661     249.1755     383.0953     383.0953     198.2078    -345.9789     198.2078 7.637774e-02 3.055110e-01 2.180330e-01 6.694097e-01 5.334487e-01
  0.2000    72.5000 3.536766e-01 1.466022e+00  1     799.3798     983.0326     239.9666     371.5330     371.5330     186.0298    -334.8334     186.0298 7.073531e-02 2.829413e-01 2.125124e-01 6.403428e-01 5.088035e-01
  0.2000    75.0000 3.222115e-01 1.430347e+00  1     770.0253     949.6211     229.8978     359.8616     359.8616     172.1369    -324.1830     172.1369 6.444229e-02 2.577692e-01 2.055534e-01 6.124148e-01 4.853455e-01
  0.2000    77.5000 2.877637e-01 1.391700e+00  1     739.4517     915.8534     219.0706     348.3914     348.3914     156.3470    -314.4615     156.3470 5.755274e-02 2.302110e-01 1.972975e-01 5.865984e-01 4.639284e-01
  0.2000    80.0000 2.511368e-01 1.349597e+00  1     708.4239     882.5897     207.7280     337.4308     337.4308     138.6552    -305.9744     138.6552 5.022736e-02 2.009095e-01 1.881424e-01 5.637088e-01 4.452499e-01
  0.2000    82.5000 2.138120e-01 1.303371e+00  1     677.8741     850.6261     196.2521     327.1870     327.1870     119.4303    -298.7409     119.4303 4.276240e-02 1.710496e-01 1.787168e-01 5.441198e-01 4.296055e-01
  0.2000    85.0000 1.779007e-01 1.252055e+00  1     648.6377     820.4546     185.0792     317.6877     317.6877      99.6255    -292.4584      99.6255 3.558013e-02 1.423205e-01 1.697116e-01 5.276127e-01 4.167667e-01
  0.2000    87.5000 1.456060e-01 1.194153e+00  1     621.0918     792.0910     174.5226     308.7842     308.7842      80.7044    -286.6721      80.7044 2.912121e-02 1.164848e-01 1.615846e-01 5.134943e-01 4.060946e-01
  0.2000    90.0000 1.183103e-01 1.127125e+00  1     594.9730     765.1038     164.6196     300.2421     300.2421      64.0419    -281.0404      64.0419 2.366206e-02 9.464825e-02 1.543392e-01 5.009337e-01 3.968397e-01
  0.2000    92.5000 9.616123e-02 1.045956e+00  1     569.6047     738.8574     155.1672     291.8451     291.8451      50.2991    -275.4486      50.2991 1.923225e-02 7.692899e-02 1.476084e-01 4.892554e-01 3.883977e-01
  0.2000    95.0000 7.848551e-02 9.375132e-01  1     544.2730     712.7570     145.8853     283.4358     283.4358      39.4011    -269.9337      39.4011 1.569710e-02 6.278841e-02 1.409134e-01 4.780073e-01 3.803652e-01
  0.2000    97.5000 6.437856e-02 7.055578e-01  1     518.4174     686.3404     136.5302     274.9051     274.9051      30.9035    -264.5782      30.9035 1.287571e-02 5.150285e-02 1.338335e-01 4.668906e-01 3.724756e-01
  0.2000   100.0000 5.302325e-02 4.182110e-01  1     491.6377     659.2604     126.9219     266.1692     266.1692      24.2970    -259.4568      24.2970 1.060465e-02 4.241860e-02 1.260400e-01 4.556815e-01 3.645293e-01
  0.2000   102.5000 4.377544e-02 3.750941e-01  1     463.6376     631.2371     116.9303     257.1534     257.1534      19.1394    -254.6245      19.1394 8.755088e-03 3.502035e-02 1.172706e-01 4.441820e-01 3.563507e-01
  0.2000   105.0000 3.615206e-02 3.486910e-01  1     434.1685     602.0156     106.4540     247.7808     247.7808      15.0843    -250.1190      15.0843 7.230411e-03 2.892165e-02 1.072943e-01 4.321932e-01 3.477638e-01
  0.2000   107.5000 2.979601e-02 3.287283e-01  1     402.9878     571.3319      95.4037     237.9641     237.9641      11.8709    -245.9656      11.8709 5.959203e-03 2.383681e-02 9.588202e-02 4.194965e-01 3.385767e-01
  0.2000   110.0000 2.444335e-02 3.117613e-01  1     369.8293     538.8855      83.6899     227.5978     227.5978       9.3055    -242.1785       9.3055 4.888670e-03 1.955468e-02 8.278640e-02 4.058358e-01 3.285661e-01
  0.2000   112.5000 1.989847e-02 2.960765e-01  1     334.3855     504.3130      71.2192     216.5469     216.5469       7.2445    -238.7542       7.2445 3.979694e-03 1.591878e-02 6.773080e-02 3.908946e-01 3.174575e-01
  0.2000   115.0000 1.601738e-02 2.806129e-01  1     296.3163     467.1667      57.9041     204.6313     204.6313       5.5818    -235.6495       5.5818 3.203476e-03 1.281390e-02 5.042278e-02 3.742608e-01 3.048956e-01
  0.2000   117.5000 1.269838e-02 2.645957e-01  1     255.3341     426.9201      43.7129     191.6036     191.6036       4.2393    -232.7139       4.2393 2.539677e-03 1.015871e-02 3.063894e-02 3.553736e-01 2.903999e-01
  0.2000   120.0000 9.880246e-03 2.473528e-01  1     211.5179     383.0814      28.8299     177.1258     177.1258       3.1627    -229.5132       3.1627 1.976049e-03 7.904197e-03 8.522372e-03 3.334551e-01 2.733077e-01
  0.3000     0.0000 7.135949e-01 1.886593e+00  1    1228.4894    1475.2656     384.2557     545.5049     545.5049     365.1895    -490.0809     365.1895 2.140785e-01 4.995164e-01 3.094967e-01 1.182126e+00 9.890529e-01
  0.3000     0.1000 7.136000e-01 1.886598e+00  1    1228.4938    1475.2746     384.2558     545.5094     545.5094     365.1901    -490.0812     365.1901 2.140800e-01 4.995200e-01 3.094985e-01 1.182168e+00 9.890185e-01
  0.3000     2.5000 7.134787e-01 1.886235e+00  1    1228.2993    1475.0125     384.1999     545.4063     545.4063     365.1132    -489.9551     365.1132 2.140436e-01 4.994351e-01 3.096095e-01 1.181860e+00 9.887493e-01
  0.3000     5.0000 7.131122e-01 1.885146e+00  1    1227.7109    1474.2207     384.0308     545.0949     545.0949     364.8817    -489.5755     364.8817 2.139336e-01 4.991785e-01 3.099406e-01 1.180928e+00 9.879352e-01
  0.3000     7.5000 7.124924e-01 1.883328e+00  1    1226.7151    1472.8857     383.7438     544.5710     544.5710     364.4942    -488.9397     364.4942 2.137477e-01 4.987447e-01 3.104817e-01 1.179353e+00 9.865581e-01
  0.3000    10.0000 7.116043e-01 1.880776e+00  1    1225.2861    1470.9809     383.3298     543.8255     543.8255     363.9477    -488.0427     363.9477 2.134813e-01 4.981230e-01 3.112145e-01 1.177099e+00 9.845829e-01
  0.3000    12.5000 7.104279e-01 1.877484e+00  1    1223.3901    1468.4707     382.7775     542.8466     542.8466     363.2386    -486.8768     363.2386 2.131284e-01 4.972995e-01 3.121162e-01 1.174112e+00 9.819618e-01
  0.3000    15.0000 7.089421e-01 1.873442e+00  1    1220.9929    1465.3175     382.0758     541.6209     541.6209     362.3626    -485.4322     362.3626 2.126826e-01 4.962595e-01 3.131659e-01 1.170338e+00 9.786424e-01
  0.3000    17.5000 7.071280e-01 1.868638e+00  1    1218.0664    1461.4874     381.2160     540.1357     540.1357     361.3156    -483.6975     361.3156 2.121384e-01 4.949896e-01 3.143491e-01 1.165722e+00 9.745754e-01
  0.3000    20.0000 7.049691e-01 1.863056e+00  1    1214.5892    1456.9513     380.1926     538.3793     538.3793     360.0940    -481.6603     360.0940 2.114907e-01 4.934784e-01 3.156582e-01 1.160218e+00 9.697169e-01
  0.3000    22.5000 7.024511e-01 1.856677e+00  1    1210.5461    1451.6846     379.0026     536.3410     536.3410     358.6941    -479.3068     358.6941 2.107353e-01 4.917158e-01 3.170911e-01 1.153783e+00 9.640288e-01
  0.3000    25.0000 6.995597e-01 1.849480e+00  1    1205.9253    1445.6650     377.6442     534.0104     534.0104     357.1120    -476.6224     357.1120 2.098679e-01 4.896918e-01 3.186488e-01 1.146379e+00 9.574770e-01
  0.3000    27.5000 6.962798e-01 1.841440e+00  1    1200.7163    1438.8709     376.1162     531.3773     531.3773     355.3436    -473.5913     355.3436 2.088839e-01 4.873959e-01 3.203331e-01 1.137970e+00 9.500299e-01
  0.3000    30.0000 6.925942e-01 1.832529e+00  1    1194.9080    1431.2792     374.4176     528.4308     528.4308     353.3839    -470.1964     353.3839 2.077783e-01 4.848159e-01 3.221449e-01 1.128522e+00 9.416569e-01
  0.3000    32.5000 6.884826e-01 1.822718e+00  1    1188.4875    1422.8649     372.5465     525.1592     525.1592     351.2272    -466.4192     351.2272 2.065448e-01 4.819378e-01 3.240829e-01 1.117998e+00 9.323270e-01
  0.3000    35.0000 6.839209e-01 1.811975e+00  1    1181.4387    1413.5992     370.4998     521.5497     521.5497     348.8666    -462.2392     348.8666 2.051763e-01 4.787446e-01 3.261430e-01 1.106361e+00 9.220082e-01
  0.3000    37.5000 6.788803e-01 1.800265e+00  1    1173.7418    1403.4491     368.2734     517.5878     517.5878     346.2941    -457.6339     346.2941 2.036641e-01 4.752162e-01 3.283173e-01 1.093572e+00 9.106670e-01
  0.3000    40.0000 6.733268e-01 1.787551e+00  1    1165.3722    1392.3762     365.8613     513.2575     513.2575     343.5000    -452.5785     343.5000 2.019981e-01 4.713288e-01 3.305934e-01 1.079586e+00 8.982671e-01
  0.3000    42.5000 6.672197e-01 1.773791e+00  1    1156.2996    1380.3359     363.2556     508.5402     508.5402     340.4730    -447.0447     340.4730 2.001659e-01 4.670538e-01 3.329540e-01 1.064358e+00 8.847690e-01
  0.3000    45.0000 6.605104e-01 1.758944e+00  1    1146.4869    1367.2758     360.4460     503.4149     503.4149     337.1992    -441.0009     337.1992 1.981531e-01 4.623573e-01 3.353757e-01 1.047835e+00 8.701291e-01
  0.3000    47.5000 6.531410e-01 1.742961e+00  1    1135.8892    1353.1343     357.4196     497.8574     497.8574     333.6622    -434.4109     333.6622 1.959423e-01 4.571987e-01 3.378282e-01 1.029960e+00 8.542993e-01
  0.3000    50.0000 6.450416e-01 1.725790e+00  1    1124.4514    1337.8390     354.1596     491.8397     491.8397     329.8421    -427.2335     329.8421 1.935125e-01 4.515291e-01 3.402728e-01 1.010666e+00 8.372251e-01
  0.3000    52.5000 6.361278e-01 1.707374e+00  1    1112.1066    1321.3037     350.6455     485.3291     485.3291     325.7143    -419.4211     325.7143 1.908383e-01 4.452895e-01 3.426605e-01 9.898803e-01 8.188453e-01
  0.3000    55.0000 6.262965e-01 1.687648e+00  1    1098.7728    1303.4262     346.8510     478.2876     478.2876     321.2488    -410.9189     321.2488 1.878890e-01 4.384076e-01 3.449293e-01 9.675190e-01 7.990907e-01
  0.3000    57.5000 6.154207e-01 1.666540e+00  1    1084.3494    1284.0835     342.7432     470.6702     470.6702     316.4077    -401.6634     316.4077 1.846262e-01 4.307945e-01 3.470012e-01 9.434869e-01 7.778828e-01
  0.3000    60.0000 6.033423e-01 1.643968e+00  1    1068.7120    1263.1281     338.2803     462.4239     462.4239     311.1431    -391.5813     311.1431 1.810027e-01 4.223396e-01 3.487766e-01 9.176761e-01 7.551333e-01
  0.3000    62.5000 5.898625e-01 1.619836e+00  1    1051.7059    1240.3816     333.4089     453.4864     453.4864     305.3934    -380.5888     305.3934 1.769587e-01 4.129037e-01 3.501285e-01 8.899662e-01 7.307442e-01
  0.3000    65.0000 5.747285e-01 1.594034e+00  1    1033.1380    1215.6284     328.0605     443.7840     443.7840     299.0778    -368.5920     299.0778 1.724186e-01 4.023100e-01 3.508928e-01 8.602256e-01 7.046107e-01
  0.3000    67.5000 5.576168e-01 1.566431e+00  1    1012.7666    1188.6098     322.1464     433.2317     433.2317     292.0889    -355.4903     292.0889 1.672850e-01 3.903317e-01 3.508561e-01 8.283198e-01 6.766281e-01
  0.3000    70.0000 5.381114e-01 1.536870e+00  1     990.2919    1159.0218     315.5520     421.7349     421.7349     284.2819    -341.1872     284.2819 1.614334e-01 3.766780e-01 3.497403e-01 7.941293e-01 6.467109e-01
  0.3000    72.5000 5.156835e-01 1.505161e+00  1     965.3509    1126.5255     308.1305     409.1975     409.1975     275.4599    -325.6167     275.4599 1.547050e-01 3.609784e-01 3.471855e-01 7.575939e-01 6.148322e-01
  0.3000    75.0000 4.896842e-01 1.471065e+00  1     937.5332    1090.7919     299.7019     395.5450     395.5450     265.3561    -308.8007     265.3561 1.469053e-01 3.427789e-01 3.427400e-01 7.188026e-01 5.811065e-01
  0.3000    77.5000 4.593934e-01 1.434283e+00  1     906.4518    1051.6209     290.0665     380.7772     380.7772     253.6218    -290.9630     253.6218 1.378180e-01 3.215754e-01 3.358853e-01 6.781672e-01 5.459433e-01
  0.3000    80.0000 4.242065e-01 1.394425e+00  1     871.9296    1009.1914     279.0592     365.0661     365.0661     239.8427    -272.7062     239.8427 1.272620e-01 2.969446e-01 3.261504e-01 6.366875e-01 5.102773e-01
  0.3000    82.5000 3.840414e-01 1.350966e+00  1     834.3272     964.4138     266.6657     348.8740     348.8740     223.6253    -255.1573     223.6253 1.152124e-01 2.688290e-01 3.133794e-01 5.961752e-01 4.757491e-01
  0.3000    85.0000 3.398181e-01 1.303174e+00  1     794.8157     919.0728     253.1562     332.9583     332.9583     204.7657    -239.7840     204.7657 1.019454e-01 2.378727e-01 2.980621e-01 5.590183e-01 4.444677e-01
  0.3000    87.5000 2.934889e-01 1.249972e+00  1     755.1557     875.2899     239.0793     318.1053     318.1053     183.3906    -227.6918     183.3906 8.804667e-02 2.054422e-01 2.813606e-01 5.272127e-01 4.181403e-01
  0.3000    90.0000 2.474359e-01 1.189657e+00  1     716.9753     834.5658     225.0572     304.7543     304.7543     159.9762    -218.9586     159.9762 7.423076e-02 1.732051e-01 2.646476e-01 5.013954e-01 3.972435e-01
  0.3000    92.5000 2.039283e-01 1.119234e+00  1     681.2305     797.3407     211.5806     292.8800     292.8800     135.3892    -212.7191     135.3892 6.117849e-02 1.427498e-01 2.490005e-01 4.808388e-01 3.810610e-01
  0.3000    95.0000 1.649530e-01 1.032431e+00  1     648.1350     763.2323     198.9318     282.1502     282.1502     111.0085    -207.7791     111.0085 4.948591e-02 1.154671e-01 2.349995e-01 4.641305e-01 3.683041e-01
  0.3000    97.5000 1.319058e-01 9.103519e-01  1     617.2795     731.4320     187.1576     272.1372     272.1372      88.5396    -203.1900      88.5396 3.957174e-02 9.233407e-02 2.226944e-01 4.498194e-01 3.576763e-01
  0.3000   100.0000 1.051418e-01 4.701418e-01  1     587.8508     701.0138     176.0843     262.4648     262.4648      69.3225    -198.5037      69.3225 3.154254e-02 7.359926e-02 2.116823e-01 4.367741e-01 3.481770e-01
  0.3000   102.5000 8.402572e-02 3.890257e-01  1     558.9492     671.1423     165.4171     252.8626     252.8626      53.7978    -193.6790      53.7978 2.520772e-02 5.881800e-02 2.013358e-01 4.242496e-01 3.391503e-01
  0.3000   105.0000 6.747059e-02 3.550969e-01  1     529.8155     641.1552     154.8586     243.1483     243.1483      41.6512    -188.8492      41.6512 2.024118e-02 4.722941e-02 1.910367e-01 4.117748e-01 3.301817e-01
  0.3000   107.5000 5.440620e-02 3.319414e-01  1     499.8749     610.5417     144.1642     233.1888     233.1888      32.2591    -184.1641      32.2591 1.632186e-02 3.808434e-02 1.802752e-01 3.990166e-01 3.209787e-01
  0.3000   110.0000 4.396691e-02 3.132708e-01  1     468.6793     578.8784     133.1420     222.8682     222.8682      24.9943    -179.7351      24.9943 1.319007e-02 3.077684e-02 1.686406e-01 3.856905e-01 3.112915e-01
  0.3000   112.5000 3.550617e-02 2.965822e-01  1     435.8328     545.7666     121.6312     212.0677     212.0677      19.3405    -175.6318      19.3405 1.065185e-02 2.485432e-02 1.557749e-01 3.715085e-01 3.008687e-01
  0.3000   115.0000 2.855423e-02 2.804917e-01  1     400.9271     510.7758     109.4790     200.6484     200.6484      14.9041    -171.8892      14.9041 8.566269e-03 1.998796e-02 1.413268e-01 3.561427e-01 2.894251e-01
  0.3000   117.5000 2.277137e-02 2.640670e-01  1     363.4865     473.3868      96.5223     188.4322     188.4322      11.3938    -168.5090      11.3938 6.831412e-03 1.593996e-02 1.249125e-01 3.391853e-01 2.766083e-01
  0.3000   120.0000 1.791097e-02 2.465544e-01  1     322.9194     432.9208      82.5750     175.1729     175.1729       8.5961    -165.4392       8.5961 5.373291e-03 1.253768e-02 1.060912e-01 3.200866e-01 2.619458e-01
  0.4000     0.0000 8.994732e-01 1.898443e+00  1    1454.6743    1675.5784     472.7258     601.4263     601.4263     434.1867    -487.8485     434.1867 3.597893e-01 5.396839e-01 5.510707e-01 1.419568e+00 1.213643e+00
  0.4000     0.1000 8.994798e-01 1.898448e+00  1    1454.6816    1675.5903     472.7268     601.4318     601.4318     434.1875    -487.8486     434.1875 3.597919e-01 5.396879e-01 5.510761e-01 1.419621e+00 1.213604e+00
  0.4000     2.5000 8.993562e-01 1.898091e+00  1    1454.4827    1675.3236     472.6694     601.3271     601.3271     434.1204    -487.7113     434.1204 3.597425e-01 5.396137e-01 5.511893e-01 1.419267e+00 1.213288e+00
  0.4000     5.0000 8.989839e-01 1.897017e+00  1    1453.8833    1674.5205     472.4965     601.0120     601.0120     433.9184    -487.2982     433.9184 3.595936e-01 5.393904e-01 5.515278e-01 1.418202e+00 1.212336e+00
  0.4000     7.5000 8.983600e-01 1.895225e+00  1    1452.8782    1673.1756     472.2062     600.4847     600.4847     433.5810    -486.6080     433.5810 3.593440e-01 5.390160e-01 5.520863e-01 1.416416e+00 1.210740e+00
  0.4000    10.0000 8.974783e-01 1.892709e+00  1    1451.4570    1671.2775     471.7951     599.7412     599.7412     433.1071    -485.6377     433.1071 3.589913e-01 5.384870e-01 5.528550e-01 1.413895e+00 1.208486e+00
  0.4000    12.5000 8.963298e-01 1.889465e+00  1    1449.6034    1668.8089     471.2578     598.7756     598.7756     432.4949    -484.3830     432.4949 3.585319e-01 5.377979e-01 5.538191e-01 1.410612e+00 1.205550e+00
  0.4000    15.0000 8.949031e-01 1.885482e+00  1    1447.2971    1665.7477     470.5875     597.5801     597.5801     431.7422    -482.8376     431.7422 3.579612e-01 5.369419e-01 5.549609e-01 1.406535e+00 1.201902e+00
  0.4000    17.5000 8.931848e-01 1.880748e+00  1    1444.5157    1662.0684     469.7770     596.1457     596.1457     430.8465    -480.9936     430.8465 3.572739e-01 5.359109e-01 5.562620e-01 1.401625e+00 1.197504e+00
  0.4000    20.0000 8.911606e-01 1.875248e+00  1    1441.2364    1657.7439     468.8193     594.4623     594.4623     429.8047    -478.8408     429.8047 3.564643e-01 5.346964e-01 5.577055e-01 1.395840e+00 1.192317e+00
  0.4000    22.5000 8.888161e-01 1.868965e+00  1    1437.4373    1652.7471     467.7079     592.5196     592.5196     428.6139    -476.3675     428.6139 3.555264e-01 5.332896e-01 5.592772e-01 1.389137e+00 1.186303e+00
  0.4000    25.0000 8.861357e-01 1.861876e+00  1    1433.0977    1647.0508     466.4369     590.3069     590.3069     427.2707    -473.5600     427.2707 3.544543e-01 5.316814e-01 5.609650e-01 1.381472e+00 1.179421e+00
  0.4000    27.5000 8.831034e-01 1.853958e+00  1    1428.1979    1640.6275     465.0010     587.8132     587.8132     425.7715    -470.4027     425.7715 3.532413e-01 5.298620e-01 5.627585e-01 1.372802e+00 1.171632e+00
  0.4000    30.0000 8.797014e-01 1.845186e+00  1    1422.7180    1633.4491     463.3950     585.0270     585.0270     424.1122    -466.8784     424.1122 3.518806e-01 5.278208e-01 5.646479e-01 1.363084e+00 1.162896e+00
  0.4000    32.5000 8.759104e-01 1.835530e+00  1    1416.6375    1625.4860     461.6134     581.9363     581.9363     422.2883    -462.9680     422.2883 3.503641e-01 5.255462e-01 5.666226e-01 1.352274e+00 1.153174e+00
  0.4000    35.0000 8.717082e-01 1.824959e+00  1    1409.9344    1616.7065     459.6504     578.5280     578.5280     420.2946    -458.6504     420.2946 3.486833e-01 5.230249e-01 5.686702e-01 1.340327e+00 1.142425e+00
  0.4000    37.5000 8.670699e-01 1.813440e+00  1    1402.5842    1607.0756     457.4994     574.7881     574.7881     418.1251    -453.9020     418.1251 3.468280e-01 5.202420e-01 5.707755e-01 1.327196e+00 1.130608e+00
  0.4000    40.0000 8.619669e-01 1.800936e+00  1    1394.5591    1596.5546     455.1525     570.7011     570.7011     415.7729    -448.6965     415.7729 3.447868e-01 5.171801e-01 5.729197e-01 1.312831e+00 1.117680e+00
  0.4000    42.5000 8.563660e-01 1.787411e+00  1    1385.8272    1585.0998     452.6005     566.2496     566.2496     413.2301    -443.0042     413.2301 3.425464e-01 5.138196e-01 5.750794e-01 1.297179e+00 1.103593e+00
  0.4000    45.0000 8.502288e-01 1.772821e+00  1    1376.3517    1572.6612     449.8327     561.4143     561.4143     410.4872    -436.7916     410.4872 3.400915e-01 5.101373e-01 5.772258e-01 1.280182e+00 1.088296e+00
  0.4000    47.5000 8.435105e-01 1.757121e+00  1    1366.0893    1559.1817     446.8359     556.1729     556.1729     407.5333    -430.0201     407.5333 3.374042e-01 5.061063e-01 5.793235e-01 1.261776e+00 1.071735e+00
  0.4000    50.0000 8.361583e-01 1.740264e+00  1    1354.9890    1544.5947     443.5945     550.5001     550.5001     404.3554    -422.6451     404.3554 3.344633e-01 5.016950e-01 5.813292e-01 1.241888e+00 1.053845e+00
  0.4000    52.5000 8.281096e-01 1.722193e+00  1    1342.9903    1528.8225     440.0895     544.3665     544.3665     400.9380    -414.6148     400.9380 3.312439e-01 4.968658e-01 5.831900e-01 1.220438e+00 1.034556e+00
  0.4000    55.0000 8.192894e-01 1.702848e+00  1    1330.0205    1511.7729     436.2980     537.7374     537.7374     397.2622    -405.8679     397.2622 3.277157e-01 4.915736e-01 5.848411e-01 1.197331e+00 1.013786e+00
  0.4000    57.5000 8.096066e-01 1.682162e+00  1    1315.9919    1493.3358     432.1918     530.5720     530.5720     393.3051    -396.3311     393.3051 3.238426e-01 4.857640e-01 5.862032e-01 1.172457e+00 9.914400e-01
  0.4000    60.0000 7.989498e-01 1.660057e+00  1    1300.7971    1473.3780     427.7357     522.8211     522.8211     389.0384    -385.9164     389.0384 3.195799e-01 4.793699e-01 5.871778e-01 1.145686e+00 9.674042e-01
  0.4000    62.5000 7.871799e-01 1.636445e+00  1    1284.3030    1451.7361     422.8861     514.4250     514.4250     384.4263    -374.5157     384.4263 3.148720e-01 4.723080e-01 5.876422e-01 1.116860e+00 9.415429e-01
  0.4000    65.0000 7.741210e-01 1.611224e+00  1    1266.3420    1428.2066     417.5870     505.3098     505.3098     379.4230    -361.9951     379.4230 3.096484e-01 4.644726e-01 5.874407e-01 1.085791e+00 9.136903e-01
  0.4000    67.5000 7.595456e-01 1.584273e+00  1    1246.6999    1402.5318     411.7663     495.3828     495.3828     373.9686    -348.1858     373.9686 3.038182e-01 4.557273e-01 5.863734e-01 1.052239e+00 8.836408e-01
  0.4000    70.0000 7.431531e-01 1.555449e+00  1    1225.0963    1374.3784     405.3283     484.5251     484.5251     367.9826    -332.8711     367.9826 2.972612e-01 4.458918e-01 5.841777e-01 1.015906e+00 8.511356e-01
  0.4000    72.5000 7.245354e-01 1.524579e+00  1    1201.1563    1343.3061     398.1436     472.5812     472.5812     361.3534    -315.7684     361.3534 2.898142e-01 4.347212e-01 5.805011e-01 9.764087e-01 8.158425e-01
  0.4000    75.0000 7.031214e-01 1.491450e+00  1    1174.3643    1308.7177     390.0319     459.3429     459.3429     353.9214    -296.5027     353.9214 2.812486e-01 4.218729e-01 5.748568e-01 9.332430e-01 7.773288e-01
  0.4000    77.5000 6.780833e-01 1.455794e+00  1    1143.9901    1269.7826     380.7338     444.5244     444.5244     345.4476    -274.5713     345.4476 2.712333e-01 4.068500e-01 5.665520e-01 8.857433e-01 7.350249e-01
  0.4000    80.0000 6.481775e-01 1.417270e+00  1    1108.9707    1225.3199     369.8650     427.7275     427.7275     335.5581    -249.3092     335.5581 2.592710e-01 3.889065e-01 5.545714e-01 8.330320e-01 6.881874e-01
  0.4000    82.5000 6.114892e-01 1.375422e+00  1    1067.7445    1173.6579     356.8475     408.4052     408.4052     323.6407    -219.9156     323.6407 2.445957e-01 3.668935e-01 5.374081e-01 7.740277e-01 6.359205e-01
  0.4000    85.0000 5.651592e-01 1.329632e+00  1    1018.1742    1112.6743     340.8587     385.9078     385.9078     308.6786    -185.8320     308.6786 2.260637e-01 3.390956e-01 5.129532e-01 7.078109e-01 5.775279e-01
  0.4000    87.5000 5.060004e-01 1.279009e+00  1     958.4663    1041.1305     321.1126     360.0089     360.0089     289.1932    -148.4850     289.1932 2.024002e-01 3.036003e-01 4.792514e-01 6.354822e-01 5.141962e-01
  0.4000    90.0000 4.350322e-01 1.222199e+00  1     891.3860     963.5941     298.3363     332.6289     332.6289     264.2601    -114.8955     264.2601 1.740129e-01 2.610193e-01 4.382146e-01 5.646687e-01 4.529143e-01
  0.4000    92.5000 3.622797e-01 1.156952e+00  1     826.8210     892.0228     275.8502     308.0863     308.0863     235.5467     -94.1114     235.5467 1.449119e-01 2.173678e-01 3.980846e-01 5.075737e-01 4.044087e-01
  0.4000    95.0000 2.967987e-01 1.078977e+00  1     771.4309     832.9303     256.0689     288.4307     288.4307     205.5882     -85.7870     205.5882 1.187195e-01 1.780792e-01 3.646605e-01 4.673389e-01 3.710895e-01
  0.4000    97.5000 2.401949e-01 9.778200e-01  1     724.6372     784.3661     238.9500     272.7080     272.7080     175.3972     -84.3117     175.3972 9.607794e-02 1.441169e-01 3.377411e-01 4.392091e-01 3.485061e-01
  0.4000   100.0000 1.917306e-01 8.016538e-01  1     683.9959     742.8169     223.7940     259.5114     259.5114     145.5180     -85.5179     145.5180 7.669224e-02 1.150384e-01 3.155946e-01 4.184011e-01 3.323540e-01
  0.4000   102.5000 1.510680e-01 4.060680e-01  1     647.4449     705.6175     210.0374     247.7901     247.7901     117.0751     -87.1244     117.0751 6.042719e-02 9.064078e-02 2.968386e-01 4.017337e-01 3.198155e-01
  0.4000   105.0000 1.180958e-01 3.604191e-01  1     613.3769     670.9048     197.2651     236.8199     236.8199      91.6690     -88.0628      91.6690 4.723832e-02 7.085748e-02 2.804513e-01 3.871770e-01 3.091120e-01
  0.4000   107.5000 9.221089e-02 3.340462e-01  1     580.4863     637.3412     185.1146     226.1133     226.1133      70.4908     -88.0711      70.4908 3.688436e-02 5.532654e-02 2.655453e-01 3.734517e-01 2.991297e-01
  0.4000   110.0000 7.222438e-02 3.137877e-01  1     547.7346     603.9456     173.2455     215.3501     215.3501      53.7305     -87.3346      53.7305 2.888975e-02 4.333463e-02 2.513030e-01 3.597650e-01 2.891807e-01
  0.4000   112.5000 5.678424e-02 2.961944e-01  1     514.3209     569.9729     161.3552     204.3089     204.3089      40.8197     -86.1638      40.8197 2.271370e-02 3.407055e-02 2.370098e-01 3.455940e-01 2.788110e-01
  0.4000   115.0000 4.472087e-02 2.795459e-01  1     479.5974     534.8026     149.1823     192.8101     192.8101      30.9488     -84.8239      30.9488 1.788835e-02 2.683252e-02 2.220579e-01 3.305241e-01 2.676611e-01
  0.4000   117.5000 3.514621e-02 2.627602e-01  1     442.9629     497.8356     136.4880     180.6738     180.6738      23.3760     -83.4939      23.3760 1.405849e-02 2.108773e-02 2.058998e-01 3.141465e-01 2.553769e-01
  0.4000   120.0000 2.742078e-02 2.450111e-01  1     403.7562     458.3939     123.0258     167.6841     167.6841      17.5181     -82.2765      17.5181 1.096831e-02 1.645247e-02 1.879804e-01 2.959804e-01 2.415437e-01
  0.5000     0.0000 1.332446e+00 1.896619e+00  1    2216.6433    2216.6433     750.5166     733.0633     733.0633     533.1715     358.6388     533.1715 6.662231e-01 6.662231e-01 2.021346e+00 1.829711e+00 1.604690e+00
  0.5000     0.1000 1.332455e+00 1.896624e+00  1    2216.6588    2216.6588     750.5207     733.0690     733.0690     533.1724     358.6551     533.1724 6.662274e-01 6.662274e-01 2.021387e+00 1.829768e+00 1.604630e+00
  0.5000     2.5000 1.332277e+00 1.896271e+00  1    2216.3007    2216.3007     750.4022     732.9493     732.9493     533.1102     358.5807     533.1102 6.661386e-01 6.661386e-01 2.020982e+00 1.829390e+00 1.604286e+00
  0.5000     5.0000 1.331743e+00 1.895207e+00  1    2215.2241    2215.2241     750.0458     732.5892     732.5892     532.9232     358.3569     532.9232 6.658716e-01 6.658716e-01 2.019765e+00 1.828253e+00 1.603252e+00
  0.5000     7.5000 1.330852e+00 1.893432e+00  1    2213.4272    2213.4272     749.4509     731.9882     731.9882     532.6113     357.9837     532.6113 6.654259e-01 6.654259e-01 2.017734e+00 1.826356e+00 1.601526e+00
  0.5000    10.0000 1.329601e+00 1.890941e+00  1    2210.9060    2210.9060     748.6162     731.1449     731.1449     532.1741     357.4604     532.1741 6.648005e-01 6.648005e-01 2.014882e+00 1.823693e+00 1.599103e+00
  0.5000    12.5000 1.327988e+00 1.887728e+00  1    2207.6542    2207.6542     747.5397     730.0573     730.0573     531.6108     356.7866     531.6108 6.639938e-01 6.639938e-01 2.011202e+00 1.820257e+00 1.595977e+00
  0.5000    15.0000 1.326008e+00 1.883783e+00  1    2203.6635    2203.6635     746.2184     728.7225     728.7225     530.9206     355.9611     530.9206 6.630038e-01 6.630038e-01 2.006683e+00 1.816037e+00 1.592137e+00
  0.5000    17.5000 1.323655e+00 1.879096e+00  1    2198.9228    2198.9228     744.6489     727.1369     727.1369     530.1024     354.9829     530.1024 6.618277e-01 6.618277e-01 2.001309e+00 1.811020e+00 1.587571e+00
  0.5000    20.0000 1.320924e+00 1.873650e+00  1    2193.4185    2193.4185     742.8264     725.2960     725.2960     529.1548     353.8505     529.1548 6.604622e-01 6.604622e-01 1.995062e+00 1.805189e+00 1.582264e+00
  0.5000    22.5000 1.317806e+00 1.867428e+00  1    2187.1342    2187.1342     740.7457     723.1943     723.1943     528.0762     352.5621     528.0762 6.589029e-01 6.589029e-01 1.987919e+00 1.798522e+00 1.576195e+00
  0.5000    25.0000 1.314290e+00 1.860410e+00  1    2180.0508    2180.0508     738.4002     720.8253     720.8253     526.8644     351.1157     526.8644 6.571448e-01 6.571448e-01 1.979855e+00 1.790997e+00 1.569344e+00
  0.5000    27.5000 1.310364e+00 1.852572e+00  1    2172.1466    2172.1466     735.7827     718.1819     718.1819     525.5172     349.5090     525.5172 6.551818e-01 6.551818e-01 1.970839e+00 1.782585e+00 1.561685e+00
  0.5000    30.0000 1.306014e+00 1.843888e+00  1    2163.3972    2163.3972     732.8853     715.2560     715.2560     524.0318     347.7391     524.0318 6.530068e-01 6.530068e-01 1.960839e+00 1.773258e+00 1.553190e+00
  0.5000    32.5000 1.301223e+00 1.834330e+00  1    2153.7757    2153.7757     729.6987     712.0385     712.0385     522.4050     345.8030     522.4050 6.506116e-01 6.506116e-01 1.949818e+00 1.762982e+00 1.543830e+00
  0.5000    35.0000 1.295974e+00 1.823869e+00  1    2143.2522    2143.2522     726.2131     708.5196     708.5196     520.6332     343.6974     520.6332 6.479870e-01 6.479870e-01 1.937739e+00 1.751723e+00 1.533572e+00
  0.5000    37.5000 1.290245e+00 1.812470e+00  1    2131.7943    2131.7943     722.4177     704.6883     704.6883     518.7122     341.4182     518.7122 6.451224e-01 6.451224e-01 1.924557e+00 1.739440e+00 1.522381e+00
  0.5000    40.0000 1.284012e+00 1.800099e+00  1    2119.3659    2119.3659     718.3004     700.5327     700.5327     516.6374     338.9611     516.6374 6.420060e-01 6.420060e-01 1.910226e+00 1.726093e+00 1.510218e+00
  0.5000    42.5000 1.277249e+00 1.786719e+00  1    2105.9275    2105.9275     713.8480     696.0398     696.0398     514.4035     336.3214     514.4035 6.386245e-01 6.386245e-01 1.894697e+00 1.711637e+00 1.497043e+00
  0.5000    45.0000 1.269926e+00 1.772289e+00  1    2091.4356    2091.4356     709.0459     691.1948     691.1948     512.0044     333.4934     512.0044 6.349629e-01 6.349629e-01 1.877914e+00 1.696022e+00 1.482810e+00
  0.5000    47.5000 1.262009e+00 1.756764e+00  1    2075.8414    2075.8414     703.8780     685.9817     685.9817     509.4333     330.4711     509.4333 6.310043e-01 6.310043e-01 1.859818e+00 1.679194e+00 1.467472e+00
  0.5000    50.0000 1.253459e+00 1.740098e+00  1    2059.0907    2059.0907     698.3259     680.3824     680.3824     506.6825     327.2476     506.6825 6.267294e-01 6.267294e-01 1.840340e+00 1.661094e+00 1.450972e+00
  0.5000    52.5000 1.244233e+00 1.722237e+00  1    2041.1218    2041.1218     692.3691     674.3763     674.3763     503.7429     323.8149     503.7429 6.221163e-01 6.221163e-01 1.819407e+00 1.641654e+00 1.433252e+00
  0.5000    55.0000 1.234280e+00 1.703122e+00  1    2021.8649    2021.8649     685.9843     667.9403     667.9403     500.6041     320.1641     500.6041 6.171398e-01 6.171398e-01 1.796934e+00 1.620799e+00 1.414242e+00
  0.5000    57.5000 1.223542e+00 1.682688e+00  1    2001.2395    2001.2395     679.1445     661.0475     661.0475     497.2542     316.2848     497.2542 6.117708e-01 6.117708e-01 1.772824e+00 1.598443e+00 1.393865e+00
  0.5000    60.0000 1.211950e+00 1.660861e+00  1    1979.1524    1979.1524     671.8184     653.6670     653.6670     493.6788     312.1650     493.6788 6.059751e-01 6.059751e-01 1.746965e+00 1.574487e+00 1.372031e+00
  0.5000    62.5000 1.199425e+00 1.637555e+00  1    1955.4937    1955.4937     663.9693     645.7622     645.7622     489.8610     307.7907     489.8610 5.997123e-01 5.997123e-01 1.719229e+00 1.548815e+00 1.348634e+00
  0.5000    65.0000 1.185868e+00 1.612672e+00  1    1930.1331    1930.1331     655.5534     637.2899     637.2899     485.7805     303.1449     485.7805 5.929339e-01 5.929339e-01 1.689461e+00 1.521290e+00 1.323551e+00
  0.5000    67.5000 1.171163e+00 1.586098e+00  1    1902.9131    1902.9131     646.5180     628.1975     628.1975     481.4125     298.2077     481.4125 5.855813e-01 5.855813e-01 1.657474e+00 1.491747e+00 1.296632e+00
  0.5000    70.0000 1.155163e+00 1.557694e+00  1    1873.6405    1873.6405     636.7983     618.4211     618.4211     476.7260     292.9541     476.7260 5.775817e-01 5.775817e-01 1.623044e+00 1.459984e+00 1.267694e+00
  0.5000    72.5000 1.137688e+00 1.527298e+00  1    1842.0737    1842.0737     626.3132     607.8803     607.8803     471.6821     287.3534     471.6821 5.688438e-01 5.688438e-01 1.585886e+00 1.425749e+00 1.236508e+00
  0.5000    75.0000 1.118500e+00 1.494707e+00  1    1807.9039    1807.9039     614.9589     596.4725     596.4725     466.2301     281.3660     466.2301 5.592498e-01 5.592498e-01 1.545641e+00 1.388722e+00 1.202784e+00
  0.5000    77.5000 1.097287e+00 1.459670e+00  1    1770.7249    1770.7249     602.5992     584.0629     584.0629     460.3028     274.9398     460.3028 5.486437e-01 5.486437e-01 1.501837e+00 1.348482e+00 1.166139e+00
  0.5000    80.0000 1.073623e+00 1.421866e+00  1    1729.9847    1729.9847     589.0484     570.4681     570.4681     453.8071     268.0040     453.8071 5.368116e-01 5.368116e-01 1.453832e+00 1.304457e+00 1.126057e+00
  0.5000    82.5000 1.046894e+00 1.380874e+00  1    1684.8992    1684.8992     574.0431     555.4280     555.4280     446.6086     260.4574     446.6086 5.234468e-01 5.234468e-01 1.400721e+00 1.255840e+00 1.081804e+00
  0.5000    85.0000 1.016167e+00 1.336123e+00  1    1634.2896    1634.2896     557.1868     538.5514     538.5514     438.5013     252.1466     438.5013 5.080835e-01 5.080835e-01 1.341145e+00 1.201422e+00 1.032285e+00
  0.5000    87.5000 9.799064e-01 1.286807e+00  1    1576.2352    1576.2352     537.8332     519.2010     519.2010     429.1416     242.8196     429.1416 4.899532e-01 4.899532e-01 1.272905e+00 1.139240e+00 9.757253e-01
  0.5000    90.0000 9.352456e-01 1.231718e+00  1    1507.2064    1507.2064     514.7936     496.2064     496.2064     417.8793     232.0070     417.8793 4.676228e-01 4.676228e-01 1.191982e+00 1.065717e+00 9.088908e-01
  0.5000    92.5000 8.755921e-01 1.168897e+00  1    1419.2369    1419.2369     485.3829     466.9270     466.9270     403.1897     218.6298     403.1897 4.377961e-01 4.377961e-01 1.089392e+00 9.728557e-01 8.245676e-01
  0.5000    95.0000 7.765632e-01 1.094767e+00  1    1283.7384    1283.7384     439.9495     421.8945     421.8945     379.2434     198.6934     379.2434 3.882816e-01 3.882816e-01 9.334003e-01 8.324791e-01 6.974121e-01
  0.5000    97.5000 4.380943e-01 1.001286e+00  1     911.2044     911.2044     313.4980     298.8532     298.8532     284.8063     138.3584     284.8063 2.190472e-01 2.190472e-01 5.430775e-01 4.886152e-01 3.913860e-01
  0.5000   100.0000 7.600338e-01 8.589541e-01  0       0.0000       0.0000       0.0000       0.0000       0.0000       0.0000       0.0000       0.0000 0.000000e+00 0.000000e+00 0.000000e+00 0.000000e+00 0.000000e+00
  0.5000   102.5000 2.440713e-01 4.190713e-01  1     743.2412     743.2412     254.4703     244.3855     244.3855     195.5554      94.7067     195.5554 1.220357e-01 1.220357e-01 4.128376e-01 3.819964e-01 3.029547e-01
  0.5000   105.0000 1.893864e-01 3.638097e-01  1     696.5912     696.5912     237.5640     229.5136     229.5136     160.1703      79.6657     160.1703 9.469320e-02 9.469320e-02 3.833427e-01 3.598409e-01 2.858489e-01
  0.5000   107.5000 1.457710e-01 3.346933e-01  1     656.0466     656.0466     222.7346     216.6560     216.6560     127.2749      66.4889     127.2749 7.288549e-02 7.288549e-02 3.596141e-01 3.424853e-01 2.728531e-01
  0.5000   110.0000 1.114060e-01 3.131651e-01  1     618.3931     618.3931     208.9963     204.6984     204.6984      98.1743      55.1951      98.1743 5.570299e-02 5.570299e-02 3.389976e-01 3.272191e-01 2.616280e-01
  0.5000   112.5000 8.500783e-02 2.948625e-01  1     581.7899     581.7899     195.8154     192.9873     192.9873      74.1393      45.8584      74.1393 4.250392e-02 4.250392e-02 3.200872e-01 3.125041e-01 2.508535e-01
  0.5000   115.0000 6.499754e-02 2.777757e-01  1     545.0011     545.0011     182.8030     181.0990     181.0990      55.3395      38.2992      55.3395 3.249877e-02 3.249877e-02 3.018765e-01 2.973787e-01 2.397062e-01
  0.5000   117.5000 4.977287e-02 2.607038e-01  1     507.0799     507.0799     169.6189     168.7305     168.7305      41.0387      32.1552      41.0387 2.488643e-02 2.488643e-02 2.835061e-01 2.811758e-01 2.276145e-01
  0.5000   120.0000 3.801934e-02 2.427682e-01  1     467.1641     467.1641     155.9338     155.6152     155.6152      30.2324      27.0462      30.2324 1.900967e-02 1.900967e-02 2.641782e-01 2.633196e-01 2.140835e-01
