# ZL+vMIT Phase Boundaries
# eta = 0.30
# eq_mode = beta
# ZL params: ZL_Constantinou
# vMIT params: B^1/4=180.0 MeV, a=0.2 fm^2
# Columns: T n_B_onset n_B_offset conv mu_p_H mu_n_H mu_u_Q mu_d_Q mu_s_Q mu_eL_H mu_eL_Q mu_eG n_p_H n_n_H n_u_Q n_d_Q n_s_Q
    0.0000 7.024481e-01 1.525965e+00  1    1201.7991    1531.2383     442.5965     544.3209     544.3209     329.4392    -429.6099     329.4392 1.571606e-01 5.452874e-01 5.180901e-01 1.136076e+00 9.456973e-01
    0.1000 7.024580e-01 1.525974e+00  1    1201.8087    1531.2522     442.5989     544.3266     544.3266     329.4435    -429.6090     329.4435 1.571671e-01 5.452910e-01 5.181007e-01 1.136121e+00 9.456685e-01
    2.5000 7.023084e-01 1.525594e+00  1    1201.5714    1530.9211     442.5060     544.2076     544.2076     329.3498    -429.4776     329.3498 1.571222e-01 5.451862e-01 5.180757e-01 1.135770e+00 9.453595e-01
    5.0000 7.018572e-01 1.524452e+00  1    1200.8533    1529.9219     442.2251     543.8484     543.8484     329.0685    -429.0824     329.0685 1.569879e-01 5.448693e-01 5.179954e-01 1.134708e+00 9.444260e-01
    7.5000 7.010987e-01 1.522545e+00  1    1199.6374    1528.2385     441.7502     543.2442     543.2442     328.6011    -428.4226     328.6011 1.567663e-01 5.443324e-01 5.178418e-01 1.132918e+00 9.428504e-01
   10.0000 7.000220e-01 1.519865e+00  1    1197.8927    1525.8418     441.0702     542.3858     542.3858     327.9491    -427.4957     327.9491 1.564606e-01 5.435615e-01 5.175832e-01 1.130364e+00 9.405997e-01
   12.5000 6.986112e-01 1.516402e+00  1    1195.5825    1522.6946     440.1720     541.2613     541.2613     327.1121    -426.2974     327.1121 1.560712e-01 5.425400e-01 5.171832e-01 1.126999e+00 9.376305e-01
   15.0000 6.968468e-01 1.512139e+00  1    1192.6720    1518.7587     439.0431     539.8578     539.8578     326.0867    -424.8201     326.0867 1.555944e-01 5.412524e-01 5.166094e-01 1.122773e+00 9.338965e-01
   17.5000 6.947067e-01 1.507057e+00  1    1189.1322    1513.9975     437.6728     538.1623     538.1623     324.8653    -423.0539     324.8653 1.550214e-01 5.396853e-01 5.158367e-01 1.117636e+00 9.293522e-01
   20.0000 6.921670e-01 1.501129e+00  1    1184.9385    1508.3765     436.0518     536.1623     536.1623     323.4380    -420.9867     323.4380 1.543401e-01 5.378268e-01 5.148457e-01 1.111541e+00 9.239542e-01
   22.5000 6.892018e-01 1.494326e+00  1    1180.0687    1501.8613     434.1715     533.8449     533.8449     321.7927    -418.6048     321.7927 1.535366e-01 5.356651e-01 5.136199e-01 1.104442e+00 9.176606e-01
   25.0000 6.857833e-01 1.486614e+00  1    1174.5008    1494.4170     432.0234     531.1968     531.1968     319.9162    -415.8933     319.9162 1.525961e-01 5.331872e-01 5.121436e-01 1.096293e+00 9.104306e-01
   27.5000 6.818816e-01 1.477952e+00  1    1168.2117    1486.0063     429.5984     528.2039     528.2039     317.7946    -412.8359     317.7946 1.515036e-01 5.303779e-01 5.103998e-01 1.087047e+00 9.022237e-01
   30.0000 6.774636e-01 1.468297e+00  1    1161.1758    1476.5889     426.8865     524.8512     524.8512     315.4132    -409.4150     315.4132 1.502445e-01 5.272190e-01 5.083692e-01 1.076660e+00 8.929987e-01
   32.5000 6.724933e-01 1.457602e+00  1    1153.3644    1466.1210     423.8763     521.1223     521.1223     312.7566    -405.6120     312.7566 1.488049e-01 5.236885e-01 5.060292e-01 1.065082e+00 8.827143e-01
   35.0000 6.669308e-01 1.445816e+00  1    1144.7453    1454.5540     420.5552     516.9994     516.9994     309.8087    -401.4061     309.8087 1.471711e-01 5.197597e-01 5.033536e-01 1.052263e+00 8.713278e-01
   37.5000 6.607315e-01 1.432880e+00  1    1135.2813    1441.8339     416.9084     512.4627     512.4627     306.5526    -396.7751     306.5526 1.453305e-01 5.154010e-01 5.003120e-01 1.038153e+00 8.587953e-01
   40.0000 6.538451e-01 1.418734e+00  1    1124.9306    1427.9008     412.9196     507.4906     507.4906     302.9702    -391.6940     302.9702 1.432710e-01 5.105741e-01 4.968690e-01 1.022697e+00 8.450712e-01
   42.5000 6.462146e-01 1.403308e+00  1    1113.6451    1412.6872     408.5698     502.0587     502.0587     299.0421    -386.1355     299.0421 1.409811e-01 5.052335e-01 4.929843e-01 1.005837e+00 8.301079e-01
   45.0000 6.377745e-01 1.386526e+00  1    1101.3701    1396.1175     403.8375     496.1400     496.1400     294.7474    -380.0688     294.7474 1.384499e-01 4.993246e-01 4.886114e-01 9.875126e-01 8.138559e-01
   47.5000 6.284492e-01 1.368301e+00  1    1088.0434    1378.1065     398.6980     489.7042     489.7042     290.0631    -373.4597     290.0631 1.356675e-01 4.927817e-01 4.836980e-01 9.676608e-01 7.962636e-01
   50.0000 6.181507e-01 1.348536e+00  1    1073.5941    1358.5585     393.1233     482.7176     482.7176     284.9645    -366.2695     284.9645 1.326247e-01 4.855260e-01 4.781844e-01 9.462149e-01 7.772781e-01
   52.5000 6.067758e-01 1.327116e+00  1    1057.9419    1337.3665     387.0817     475.1424     475.1424     279.4246    -358.4551     279.4246 1.293137e-01 4.774621e-01 4.720044e-01 9.231067e-01 7.568463e-01
   55.0000 5.942033e-01 1.303907e+00  1    1040.9975    1314.4120     380.5376     466.9372     466.9372     273.4145    -349.9685     273.4145 1.257285e-01 4.684748e-01 4.650848e-01 8.982697e-01 7.349183e-01
   57.5000 5.802908e-01 1.278752e+00  1    1022.6628    1289.5668     373.4518     458.0575     458.0575     266.9040    -340.7572     266.9040 1.218661e-01 4.584248e-01 4.573475e-01 8.716443e-01 7.114526e-01
   60.0000 5.648727e-01 1.251459e+00  1    1002.8353    1262.6983     365.7832     448.4576     448.4576     259.8630    -330.7657     259.8630 1.177284e-01 4.471443e-01 4.487127e-01 8.431886e-01 6.864260e-01
   62.5000 5.477599e-01 1.221790e+00  1     981.4161    1233.6807     357.4912     438.0948     438.0948     252.2646    -319.9390     252.2646 1.133250e-01 4.344350e-01 4.391072e-01 8.128963e-01 6.598506e-01
   65.0000 5.287460e-01 1.189450e+00  1     958.3277    1202.4180     348.5431     426.9374     426.9374     244.0903    -308.2296     244.0903 1.086774e-01 4.200686e-01 4.284788e-01 7.808277e-01 6.318017e-01
   67.5000 5.076245e-01 1.154055e+00  1     933.5448    1168.8839     338.9252     414.9794     414.9794     235.3391    -295.6107     235.3391 1.038253e-01 4.037992e-01 4.168218e-01 7.471566e-01 6.024601e-01
   70.0000 4.842272e-01 1.115097e+00  1     907.1456    1133.1861     328.6623     402.2619     402.2619     226.0405    -282.0960     226.0405 9.883363e-02 3.853936e-01 4.042163e-01 7.122352e-01 5.721687e-01
   72.5000 4.584884e-01 1.071881e+00  1     879.3786    1095.6472     317.8435     388.9018     388.9018     216.2686    -267.7658     216.2686 9.379685e-02 3.646916e-01 3.908763e-01 6.766602e-01 5.414882e-01
   75.0000 4.305296e-01 1.023412e+00  1     850.7224    1056.8716     306.6448     375.1134     375.1134     206.1491    -252.7863     206.1491 8.883422e-02 3.416954e-01 3.771879e-01 6.412962e-01 5.112117e-01
   77.5000 4.007224e-01 9.681959e-01  1     821.8842    1017.7273     295.3290     361.1991     361.1991     195.8431    -237.4000     195.8431 8.406731e-02 3.166551e-01 3.636931e-01 6.071871e-01 4.822761e-01
   80.0000 3.696696e-01 9.038470e-01  1     793.6849     979.1859     284.2020     347.4920     347.4920     185.5010    -221.8690     185.5010 7.958183e-02 2.900877e-01 3.509899e-01 5.753257e-01 4.555518e-01
   82.5000 3.380845e-01 8.263148e-01  1     766.8612     942.0675     273.5376     334.2650     334.2650     175.2064    -206.3904     175.2064 7.539405e-02 2.626905e-01 3.395782e-01 5.463822e-01 4.316026e-01
   85.0000 3.066429e-01 7.289686e-01  1     741.8965     906.8439     263.5136     321.6652     321.6652     164.9474    -191.0387     164.9474 7.144612e-02 2.351968e-01 3.297432e-01 5.205622e-01 4.105696e-01
   87.5000 2.758983e-01 6.104047e-01  1     718.9691     873.6044     254.1926     309.7059     309.7059     154.6353    -175.7712     154.6353 6.763242e-02 2.082659e-01 3.215361e-01 4.976616e-01 3.922320e-01
   90.0000 2.462796e-01 5.094281e-01  1     697.9966     842.1489     245.5417     298.3036     298.3036     144.1523    -160.4823     144.1523 6.383756e-02 1.824420e-01 3.148249e-01 4.772307e-01 3.761593e-01
   92.5000 2.181226e-01 4.490742e-01  1     678.7099     812.1123     237.4643     287.3240     287.3240     133.4024    -145.0733     133.4024 5.996737e-02 1.581552e-01 3.093616e-01 4.587322e-01 3.618531e-01
   95.0000 1.916917e-01 4.114581e-01  1     660.7152     783.0638     229.8274     276.6182     276.6182     122.3486    -129.5105     122.3486 5.596540e-02 1.357263e-01 3.048360e-01 4.416428e-01 3.488363e-01
   97.5000 1.671824e-01 3.850520e-01  1     643.5384     754.5678     222.4812     266.0433     266.0433     111.0295    -113.8620     111.0295 5.181586e-02 1.153665e-01 3.009115e-01 4.255013e-01 3.366922e-01
  100.0000 1.447145e-01 3.647160e-01  1     626.6587     726.2172     215.2733     255.4719     255.4719      99.5585     -98.3074      99.5585 4.753720e-02 9.717727e-02 2.972490e-01 4.099216e-01 3.250746e-01
  102.5000 1.243314e-01 3.478803e-01  1     609.5380     697.6457     208.0558     244.7949     244.7949      88.1077     -83.1207      88.1077 4.317185e-02 8.115957e-02 2.935205e-01 3.945877e-01 3.137012e-01
  105.0000 1.060098e-01 3.330701e-01  1     591.6440     668.5286     200.6894     233.9196     233.9196      76.8846     -68.6303      76.8846 3.877662e-02 6.723314e-02 2.894139e-01 3.792397e-01 3.023404e-01
  107.5000 8.967571e-02 3.193332e-01  1     572.4678     638.5736     193.0419     222.7658     222.7658      66.1058     -55.1670      66.1058 3.441566e-02 5.526005e-02 2.846291e-01 3.636580e-01 2.907963e-01
  110.0000 7.522178e-02 3.059903e-01  1     551.5341     607.5055     184.9844     211.2605     211.2605      55.9714     -43.0130      55.9714 3.015524e-02 4.506654e-02 2.788713e-01 3.476437e-01 2.788916e-01
  112.5000 6.251896e-02 2.925106e-01  1     528.4013     575.0449     176.3872     199.3288     199.3288      46.6436     -32.3630      46.6436 2.605895e-02 3.646001e-02 2.718420e-01 3.309960e-01 2.664477e-01
  115.0000 5.142403e-02 2.784355e-01  1     502.6475     540.8790     167.1132     186.8829     186.8829      38.2315     -23.3081      38.2315 2.218252e-02 2.924151e-02 2.632287e-01 3.134850e-01 2.532608e-01
  117.5000 4.178424e-02 2.633214e-01  1     473.8365     504.6220     157.0090     173.8065     173.8065      30.7855     -15.8410      30.7855 1.856895e-02 2.321529e-02 2.526872e-01 2.948186e-01 2.390746e-01
  120.0000 3.344179e-02 2.466833e-01  1     441.4554     465.7565     145.8873     159.9346     159.9346      24.3011      -9.8782      24.3011 1.524552e-02 1.819627e-02 2.398089e-01 2.746008e-01 2.235443e-01
