# ZL+vMIT Phase Boundaries
# eta = 0.60
# eq_mode = fixed_yc
# ZL params: ZL_Constantinou
# vMIT params: B^1/4=180.0 MeV, a=0.2 fm^2
# Columns: Y_C T n_B_onset n_B_offset conv mu_p_H mu_n_H mu_u_Q mu_d_Q mu_s_Q mu_eL_H mu_eL_Q mu_eG n_p_H n_n_H n_u_Q n_d_Q n_s_Q
  0.0100     0.0000 5.795471e-01 1.475762e+00  1    1065.3705    1464.7693     427.3202     518.7246     518.7246     109.6548    -403.6693     109.6548 5.795471e-03 5.737516e-01 4.938864e-01 1.019177e+00 8.359913e-01
  0.0100     0.1000 5.795497e-01 1.475767e+00  1    1065.3717    1464.7758     427.3191     518.7284     518.7284     109.6546    -403.6702     109.6546 5.795497e-03 5.737542e-01 4.938850e-01 1.019211e+00 8.359608e-01
  0.0100     2.5000 5.790613e-01 1.475231e+00  1    1063.9228    1463.6112     426.7447     518.4333     518.4333     109.4365    -403.8964     109.4365 5.790613e-03 5.732707e-01 4.921908e-01 1.018373e+00 8.351982e-01
  0.0100     5.0000 5.775052e-01 1.473621e+00  1    1059.2937    1459.9192     424.9168     517.5012     517.5012     108.7749    -404.6268     108.7749 5.775052e-03 5.717302e-01 4.867854e-01 1.015703e+00 8.327672e-01
  0.0100     7.5000 5.750344e-01 1.470930e+00  1    1052.1798    1454.0724     422.0773     515.9976     515.9976     107.6776    -405.6097     107.6776 5.750344e-03 5.692840e-01 4.786031e-01 1.011342e+00 8.287990e-01
  0.0100    10.0000 5.717597e-01 1.467148e+00  1    1043.1241    1446.3567     418.4136     513.9716     513.9716     106.1485    -406.6425     106.1485 5.717597e-03 5.660421e-01 4.683939e-01 1.005392e+00 8.233921e-01
  0.0100    12.5000 5.677268e-01 1.462261e+00  1    1032.4275    1436.9157     414.0268     511.4444     511.4444     104.1873    -407.5970     104.1873 5.677268e-03 5.620495e-01 4.566076e-01 9.978875e-01 8.165790e-01
  0.0100    15.0000 5.629453e-01 1.456245e+00  1    1020.2661    1425.8188     408.9742     508.4223     508.4223     101.7910    -408.3835     101.7910 5.629453e-03 5.573158e-01 4.435409e-01 9.888235e-01 8.083586e-01
  0.0100    17.5000 5.574013e-01 1.449073e+00  1    1006.7449    1413.0925     403.2882     504.9022     504.9022      98.9561    -408.9333      98.9561 5.574013e-03 5.518272e-01 4.294067e-01 9.781754e-01 7.987108e-01
  0.0100    20.0000 5.510631e-01 1.440711e+00  1     991.9240    1398.7354     396.9855     500.8749     500.8749      95.6802    -409.1897      95.6802 5.510631e-03 5.455525e-01 4.143680e-01 9.659050e-01 7.876042e-01
  0.0100    22.5000 5.438830e-01 1.431118e+00  1     975.8314    1382.7259     390.0725     496.3267     496.3267      91.9639    -409.1033      91.9639 5.438830e-03 5.384441e-01 3.985565e-01 9.519661e-01 7.750006e-01
  0.0100    25.0000 5.357969e-01 1.420248e+00  1     958.4708    1365.0280     382.5480     491.2400     491.2400      87.8130    -408.6289      87.8130 5.357969e-03 5.304389e-01 3.820835e-01 9.363081e-01 7.608590e-01
  0.0100    27.5000 5.267240e-01 1.408051e+00  1     939.8258    1345.5946     374.4053     485.5947     485.5947      83.2421    -407.7237      83.2421 5.267240e-03 5.214568e-01 3.650482e-01 9.188811e-01 7.451401e-01
  0.0100    30.0000 5.165646e-01 1.394471e+00  1     919.8630    1324.3725     365.6343     479.3691     479.3691      78.2779    -406.3467      78.2779 5.165646e-03 5.113990e-01 3.475433e-01 8.996410e-01 7.278119e-01
  0.0100    32.5000 5.051983e-01 1.379450e+00  1     898.5342    1301.3066     356.2231     472.5418     472.5418      72.9640    -404.4590      72.9640 5.051983e-03 5.001463e-01 3.296595e-01 8.785580e-01 7.088572e-01
  0.0100    35.0000 4.924806e-01 1.362930e+00  1     875.7788    1276.3467     346.1592     465.0937     465.0937      67.3639    -402.0250      67.3639 4.924806e-03 4.875558e-01 3.114884e-01 8.556270e-01 6.882835e-01
  0.0100    37.5000 4.782395e-01 1.344847e+00  1     851.5265    1249.4542     335.4311     457.0115     457.0115      61.5626    -399.0162      61.5626 4.782395e-03 4.734571e-01 2.931229e-01 8.308811e-01 6.661362e-01
  0.0100    40.0000 4.622686e-01 1.325141e+00  1     825.6994    1220.6106     324.0277     448.2915     448.2915      55.6625    -395.4165      55.6625 4.622686e-03 4.576459e-01 2.746537e-01 8.044088e-01 6.425132e-01
  0.0100    42.5000 4.443196e-01 1.303748e+00  1     798.2166    1189.8278     311.9375     438.9451     438.9451      49.7744    -391.2315      49.7744 4.443196e-03 4.398764e-01 2.561640e-01 7.763749e-01 6.175844e-01
  0.0100    45.0000 4.240917e-01 1.280608e+00  1     769.0015    1157.1636     299.1477     429.0080     429.0080      44.0035    -386.4996      44.0035 4.240917e-03 4.198508e-01 2.377246e-01 7.470481e-01 5.916159e-01
  0.0100    47.5000 4.012251e-01 1.255661e+00  1     737.9992    1122.7513     285.6461     418.5526     418.5526      38.4351    -381.3074      38.4351 4.012251e-03 3.972129e-01 2.193967e-01 7.168399e-01 5.650034e-01
  0.0100    50.0000 3.753056e-01 1.228844e+00  1     705.2132    1086.8484     271.4324     407.7080     407.7080      33.1267    -375.8060      33.1267 3.753056e-03 3.715525e-01 2.012501e-01 6.863539e-01 5.383140e-01
  0.0100    52.5000 3.458947e-01 1.200087e+00  1     670.7690    1049.9063     256.5421     396.6821     396.6821      28.1079    -370.2208      28.1079 3.458947e-03 3.424358e-01 1.833995e-01 6.564318e-01 5.123225e-01
  0.0100    55.0000 3.126045e-01 1.169307e+00  1     635.0105    1012.6376     241.0869     385.7753     385.7753      23.3898    -364.8415      23.3898 3.126045e-03 3.094784e-01 1.660554e-01 6.281506e-01 4.880026e-01
  0.0100    57.5000 2.752543e-01 1.136395e+00  1     598.6193     976.0363     225.3120     375.3621     375.3621      18.9791    -359.9658      18.9791 2.752543e-03 2.725017e-01 1.495787e-01 6.027088e-01 4.664174e-01
  0.0100    60.0000 2.342344e-01 1.101197e+00  1     562.7322     941.3011     209.6635     365.8188     365.8188      14.9035    -355.7860      14.9035 2.342344e-03 2.318920e-01 1.345178e-01 5.811569e-01 4.484764e-01
  0.0100    62.5000 1.913089e-01 1.063499e+00  1     528.9179     909.5974     194.8135     357.3919     357.3919      11.2512    -352.2506      11.2512 1.913089e-03 1.893958e-01 1.215633e-01 5.639977e-01 4.345860e-01
  0.0100    65.0000 1.503784e-01 1.023002e+00  1     498.5102     881.4966     181.4054     350.0456     350.0456       8.1905    -349.0532       8.1905 1.503784e-03 1.488746e-01 1.111897e-01 5.508126e-01 4.243308e-01
  0.0100    67.5000 1.158103e-01 9.792939e-01  1     471.2590     856.3329     169.4353     343.4488     343.4488       5.8541    -345.9133       5.8541 1.158103e-03 1.146522e-01 1.030224e-01 5.403951e-01 4.166077e-01
  0.0100    70.0000 8.913417e-02 9.318192e-01  1     445.3851     832.6149     158.1875     337.2137     337.2137       4.1912    -342.8147       4.1912 8.913417e-04 8.824283e-02 9.596791e-02 5.315368e-01 4.103267e-01
  0.0100    72.5000 6.920058e-02 8.798510e-01  1     419.1598     809.0736     146.9086     331.0825     331.0825       3.0339    -339.8658       3.0339 6.920058e-04 6.850858e-02 8.904434e-02 5.234915e-01 4.048174e-01
  0.0100    75.0000 5.424971e-02 8.224884e-01  1     391.5849     784.9690     135.1461     324.9115     324.9115       2.2227    -337.1418       2.2227 5.424971e-04 5.370721e-02 8.168541e-02 5.158533e-01 3.997145e-01
  0.0100    77.5000 4.285824e-02 7.588032e-01  1     362.1920     759.9053     122.6846     318.6104     318.6104       1.6446    -334.6680       1.6446 4.285824e-04 4.242965e-02 7.359679e-02 5.083651e-01 3.947868e-01
  0.0100    80.0000 3.403054e-02 6.885442e-01  1     330.7718     733.6480     109.4338     312.1071     312.1071       1.2255    -332.4459       1.2255 3.403054e-04 3.369024e-02 6.459403e-02 5.008229e-01 3.898516e-01
  0.0100    82.5000 2.708821e-02 6.143271e-01  1     297.2252     706.0266      95.3639     305.3313     305.3313       0.9173    -330.4726       0.9173 2.708821e-04 2.681733e-02 5.451260e-02 4.930353e-01 3.847382e-01
  0.0100    85.0000 2.156569e-02 5.443776e-01  1     261.5085     676.8941      80.4818     298.2061     298.2061       0.6880    -328.7475       0.6880 2.156569e-04 2.135004e-02 4.317073e-02 4.848028e-01 3.792707e-01
  0.0100    87.5000 1.714236e-02 4.878853e-01  1     223.6728     646.1365      64.8487     290.6439     290.6439       0.5161    -327.2647       0.5161 1.714236e-04 1.697094e-02 3.037995e-02 4.759071e-01 3.732577e-01
  0.0100    90.0000 1.360639e-02 4.462295e-01  1     184.0878     613.7793      48.6772     282.5511     282.5511       0.3872    -325.9758       0.3872 1.360639e-04 1.347033e-02 1.604806e-02 4.661159e-01 3.664975e-01
  0.0100    92.5000 1.084109e-02 4.155826e-01  1     144.0592     580.3154      32.5942     273.8606     273.8606       0.2920    -324.6909       0.2920 1.084109e-04 1.073268e-02 4.976033e-04 4.552407e-01 3.588280e-01
  0.0100    95.0000 8.802851e-03 3.921284e-01  1     106.6705     547.2112      17.9764     264.6174     264.6174       0.2248    -322.9413       0.2248 8.802851e-05 8.714822e-03 -1.499952e-02 4.433069e-01 3.502735e-01
  0.0100    97.5000 7.430502e-03 3.732648e-01  1      75.8712     516.5556       6.5038     255.0259     255.0259       0.1802    -320.0902       0.1802 7.430497e-05 7.356197e-03 -2.840199e-02 4.306775e-01 3.411488e-01
  0.0100   100.0000 6.561536e-03 3.573146e-01  1      53.1999     489.3145      -1.2551     245.2848     245.2848       0.1512    -315.8066       0.1512 6.561536e-05 6.495921e-03 -3.847882e-02 4.177507e-01 3.317951e-01
  0.0100   102.5000 6.003067e-03 3.431671e-01  1      37.2978     464.8862      -5.9790     235.4326     235.4326       0.1317    -310.1628       0.1317 6.003067e-05 5.943037e-03 -4.540973e-02 4.046219e-01 3.222898e-01
  0.0100   105.0000 5.616333e-03 3.300481e-01  1      26.1367     442.2071      -8.5981     225.4026     225.4026       0.1174    -303.3320       0.1174 5.616333e-05 5.560170e-03 -4.988625e-02 3.911614e-01 3.125163e-01
  0.0100   107.5000 5.319535e-03 3.173855e-01  1      18.1613     420.3912      -9.8124     215.1018     215.1018       0.1061    -295.4200       0.1061 5.319535e-05 5.266340e-03 -5.250578e-02 3.771667e-01 3.022963e-01
  0.0100   110.0000 5.065652e-03 3.047271e-01  1      12.3534     398.7918     -10.0786     204.4352     204.4352       0.0965    -286.4446       0.0965 5.065652e-05 5.014996e-03 -5.367036e-02 3.624176e-01 2.914365e-01
  0.0100   112.5000 4.826299e-03 2.916840e-01  1       8.0630     376.9195      -9.6903     193.3049     193.3049       0.0879    -276.3475       0.0879 4.826299e-05 4.778036e-03 -5.363072e-02 3.466771e-01 2.797302e-01
  0.0100   115.0000 4.582904e-03 2.778886e-01  1       4.8699     354.3609      -8.8423     181.6016     181.6016       0.0799    -264.9988       0.0799 4.582904e-05 4.537075e-03 -5.253645e-02 3.296762e-01 2.669430e-01
  0.0100   117.5000 4.321992e-03 2.629550e-01  1       2.4953     330.7148      -7.6704     169.1926     169.1926       0.0722    -252.1886       0.0722 4.321992e-05 4.278772e-03 -5.046984e-02 3.110883e-01 2.527923e-01
  0.0100   120.0000 4.032425e-03 2.464344e-01  1       0.7514     305.5307      -6.2767     155.9037     155.9037       0.0645    -237.6004       0.0645 4.032425e-05 3.992101e-03 -4.746565e-02 2.904916e-01 2.369141e-01
  0.1000     0.0000 6.529500e-01 1.728046e+00  1    1144.9768    1552.9079     480.8560     536.0260     536.0260     245.8222    -342.1131     245.8222 6.529500e-02 5.876550e-01 7.043164e-01 1.061244e+00 8.754071e-01
  0.1000     0.1000 6.529532e-01 1.728050e+00  1    1144.9795    1552.9159     480.8555     536.0302     536.0302     245.8223    -342.1139     245.8223 6.529532e-02 5.876579e-01 7.043174e-01 1.061281e+00 8.753763e-01
  0.1000     2.5000 6.527939e-01 1.727640e+00  1    1144.6556    1552.4984     480.7079     535.8953     535.8953     245.7188    -342.0402     245.7188 6.527939e-02 5.875145e-01 7.040120e-01 1.060922e+00 8.750614e-01
  0.1000     5.0000 6.523062e-01 1.726406e+00  1    1143.6502    1551.2233     480.2538     535.4848     535.4848     245.4065    -341.8305     245.4065 6.523062e-02 5.870756e-01 7.030523e-01 1.059827e+00 8.741009e-01
  0.1000     7.5000 6.514637e-01 1.724346e+00  1    1141.8732    1549.0323     479.4640     534.7842     534.7842     244.8820    -341.5160     244.8820 6.514637e-02 5.863174e-01 7.013221e-01 1.057950e+00 8.724527e-01
  0.1000    10.0000 6.502398e-01 1.721452e+00  1    1139.2481    1545.8667     478.3122     533.7773     533.7773     244.1413    -341.1146     244.1413 6.502398e-02 5.852158e-01 6.987274e-01 1.055238e+00 8.700651e-01
  0.1000    12.5000 6.486181e-01 1.717717e+00  1    1135.7517    1541.6939     476.7888     532.4526     532.4526     243.1816    -340.6158     243.1816 6.486181e-02 5.837563e-01 6.952487e-01 1.051643e+00 8.668963e-01
  0.1000    15.0000 6.465891e-01 1.713125e+00  1    1131.3942    1536.4979     474.8941     530.8019     530.8019     242.0004    -339.9929     242.0004 6.465891e-02 5.819302e-01 6.909130e-01 1.047131e+00 8.629132e-01
  0.1000    17.5000 6.441448e-01 1.707661e+00  1    1126.1968    1530.2682     472.6321     528.8181     528.8181     240.5954    -339.2138     240.5954 6.441448e-02 5.797303e-01 6.857638e-01 1.041668e+00 8.580871e-01
  0.1000    20.0000 6.412761e-01 1.701301e+00  1    1120.1808    1522.9940     470.0064     526.4938     526.4938     238.9638    -338.2459     238.9638 6.412761e-02 5.771485e-01 6.798459e-01 1.035224e+00 8.523901e-01
  0.1000    22.5000 6.379712e-01 1.694021e+00  1    1113.3632    1514.6608     467.0191     523.8209     523.8209     237.1020    -337.0577     237.1020 6.379712e-02 5.741741e-01 6.731993e-01 1.027767e+00 8.457944e-01
  0.1000    25.0000 6.342144e-01 1.685789e+00  1    1105.7550    1505.2494     463.6703     520.7895     520.7895     235.0058    -335.6194     235.0058 6.342144e-02 5.707930e-01 6.658574e-01 1.019262e+00 8.382706e-01
  0.1000    27.5000 6.299860e-01 1.676570e+00  1    1097.3606    1494.7352     459.9577     517.3887     517.3887     232.6699    -333.9026     232.6699 6.299860e-02 5.669874e-01 6.578455e-01 1.009674e+00 8.297877e-01
  0.1000    30.0000 6.252609e-01 1.666328e+00  1    1088.1775    1483.0876     455.8765     513.6056     513.6056     230.0881    -331.8803     230.0881 6.252609e-02 5.627348e-01 6.491811e-01 9.989641e-01 8.203127e-01
  0.1000    32.5000 6.200085e-01 1.655018e+00  1    1078.1958    1470.2694     451.4189     509.4252     509.4252     227.2527    -329.5262     227.2527 6.200085e-02 5.580076e-01 6.398731e-01 9.870902e-01 8.098105e-01
  0.1000    35.0000 6.141911e-01 1.642595e+00  1    1067.3978    1456.2358     446.5745     504.8307     504.8307     224.1548    -326.8149     224.1548 6.141911e-02 5.527720e-01 6.299216e-01 9.740073e-01 7.982435e-01
  0.1000    37.5000 6.077632e-01 1.629006e+00  1    1055.7578    1440.9341     441.3292     499.8025     499.8025     220.7838    -323.7212     220.7838 6.077632e-02 5.469869e-01 6.193179e-01 9.596667e-01 7.855714e-01
  0.1000    40.0000 6.006697e-01 1.614197e+00  1    1043.2405    1424.3017     435.6653     494.3182     494.3182     217.1270    -320.2203     217.1270 6.006697e-02 5.406027e-01 6.080433e-01 9.440151e-01 7.717505e-01
  0.1000    42.5000 5.928436e-01 1.598105e+00  1    1029.8004    1406.2652     429.5610     488.3521     488.3521     213.1689    -316.2873     213.1689 5.928436e-02 5.335593e-01 5.960686e-01 9.269948e-01 7.567337e-01
  0.1000    45.0000 5.842037e-01 1.580660e+00  1    1015.3793    1386.7383     422.9890     481.8747     481.8747     208.8913    -311.8975     208.8913 5.842037e-02 5.257833e-01 5.833527e-01 9.085426e-01 7.404702e-01
  0.1000    47.5000 5.746504e-01 1.561786e+00  1     999.9048    1365.6196     415.9161     474.8518     474.8518     204.2716    -307.0269     204.2716 5.746504e-02 5.171854e-01 5.698408e-01 8.885897e-01 7.229047e-01
  0.1000    50.0000 5.640613e-01 1.541395e+00  1     983.2867    1342.7901     408.3017     467.2442     467.2442     199.2819    -301.6529     199.2819 5.640613e-02 5.076552e-01 5.554627e-01 8.670616e-01 7.039787e-01
  0.1000    52.5000 5.522842e-01 1.519386e+00  1     965.4132    1318.1105     400.0962     459.0071     459.0071     193.8873    -295.7565     193.8873 5.522842e-02 4.970558e-01 5.401302e-01 8.438793e-01 6.836307e-01
  0.1000    55.0000 5.391289e-01 1.495644e+00  1     946.1466    1291.4184     391.2392     450.0896     450.0896     188.0435    -289.3255     188.0435 5.391289e-02 4.852160e-01 5.237344e-01 8.189622e-01 6.618001e-01
  0.1000    57.5000 5.243554e-01 1.470030e+00  1     925.3173    1262.5278     381.6575     440.4352     440.4352     181.6935    -282.3613     181.6935 5.243554e-02 4.719199e-01 5.061438e-01 7.922349e-01 6.384332e-01
  0.1000    60.0000 5.076602e-01 1.442383e+00  1     902.7191    1231.2319     371.2630     429.9844     429.9844     174.7628    -274.8895     174.7628 5.076602e-02 4.568942e-01 4.872031e-01 7.636411e-01 6.134969e-01
  0.1000    62.5000 4.886602e-01 1.412506e+00  1     878.1066    1197.3149     359.9525     418.6812     418.6812     167.1536    -266.9791     167.1536 4.886602e-02 4.397942e-01 4.667374e-01 7.331712e-01 5.870041e-01
  0.1000    65.0000 4.668792e-01 1.380153e+00  1     851.2016    1160.5846     347.6112     406.4867     406.4867     158.7376    -258.7748     158.7376 4.668792e-02 4.201913e-01 4.445671e-01 7.009145e-01 5.590601e-01
  0.1000    67.5000 4.417494e-01 1.345019e+00  1     821.7223    1120.9418     334.1250     393.4084     393.4084     149.3499    -250.5437     149.3499 4.417494e-02 3.975745e-01 4.205441e-01 6.671488e-01 5.299428e-01
  0.1000    70.0000 4.126526e-01 1.306707e+00  1     789.4564    1078.5096     319.4110     379.5493     379.5493     138.7900    -242.7349     138.7900 4.126526e-02 3.713873e-01 3.946263e-01 6.324770e-01 5.002211e-01
  0.1000    72.5000 3.790397e-01 1.264690e+00  1     754.4018    1033.8205     303.4696     365.1755     365.1755     126.8429    -236.0119     126.8429 3.790397e-02 3.411357e-01 3.669947e-01 5.979766e-01 4.708787e-01
  0.1000    75.0000 3.406438e-01 1.218237e+00  1     716.9570     987.9742     286.4495     350.7624     350.7624     113.3362    -231.1712     113.3362 3.406438e-02 3.065794e-01 3.381764e-01 5.652306e-01 4.433268e-01
  0.1000    77.5000 2.977318e-01 1.166294e+00  1     678.0562     942.5691     268.6846     336.9422     336.9422      98.2431    -228.8491      98.2431 2.977318e-02 2.679586e-01 3.090822e-01 5.360378e-01 4.191318e-01
  0.1000    80.0000 2.513876e-01 1.107233e+00  1     639.1492     899.3229     250.6929     324.3150     324.3150      81.8455    -229.0740      81.8455 2.513876e-02 2.262488e-01 2.809396e-01 5.117985e-01 3.994725e-01
  0.1000    82.5000 2.041057e-01 1.038313e+00  1     602.0517     859.6371     233.2050     313.2160     313.2160      65.0219    -230.9354      65.0219 2.041057e-02 1.836952e-01 2.552561e-01 4.929248e-01 3.846417e-01
  0.1000    85.0000 1.603099e-01 9.542872e-01  1     568.4045     824.2243     217.0952     303.5645     303.5645      49.4441    -232.8067      49.4441 1.603099e-02 1.442789e-01 2.335516e-01 4.786129e-01 3.738764e-01
  0.1000    87.5000 1.243050e-01 8.428350e-01  1     538.4384     792.6529     202.8239     294.9145     294.9145      36.7632    -233.4434      36.7632 1.243050e-02 1.118745e-01 2.162687e-01 4.672593e-01 3.657397e-01
  0.1000    90.0000 9.702439e-02 6.697978e-01  1     510.7798     763.5630     190.0432     286.7599     286.7599      27.3523    -232.7585      27.3523 9.702439e-03 8.732195e-02 2.022999e-01 4.574091e-01 3.589456e-01
  0.1000    92.5000 7.678491e-02 5.045619e-01  1     483.8367     735.6043     178.0875     278.7584     278.7584      20.5810    -231.2469      20.5810 7.678491e-03 6.910642e-02 1.901288e-01 4.482009e-01 3.527358e-01
  0.1000    95.0000 6.156553e-02 4.372675e-01  1     456.5579     707.8600     166.4317     270.7142     270.7142      15.6798    -229.3530      15.6798 6.156553e-03 5.540898e-02 1.786452e-01 4.391762e-01 3.467070e-01
  0.1000    97.5000 4.984899e-02 4.001803e-01  1     428.3482     679.7557     154.7458     262.5050     262.5050      12.0676    -227.3464      12.0676 4.984899e-03 4.486409e-02 1.671599e-01 4.300509e-01 3.406090e-01
  0.1000   100.0000 4.061689e-02 3.746892e-01  1     398.8534     650.9012     142.8262     254.0375     254.0375       9.3534    -225.3742       9.3534 4.061689e-03 3.655520e-02 1.552311e-01 4.206036e-01 3.342472e-01
  0.1000   102.5000 3.319458e-02 3.548895e-01  1     367.8247     620.9881     130.5374     245.2253     245.2253       7.2786    -223.5138       7.2786 3.319458e-03 2.987512e-02 1.425383e-01 4.106270e-01 3.274399e-01
  0.1000   105.0000 2.712793e-02 3.381633e-01  1     335.0520     589.7327     117.7793     235.9767     235.9767       5.6697    -221.8024       5.6697 2.712793e-03 2.441513e-02 1.288135e-01 3.999023e-01 3.199965e-01
  0.1000   107.5000 2.210497e-02 3.230841e-01  1     300.3431     556.8450     104.4747     226.1852     226.1852       4.4081    -220.2442       4.4081 2.210497e-03 1.989447e-02 1.138121e-01 3.881795e-01 3.117003e-01
  0.1000   110.0000 1.790942e-02 3.087516e-01  1     263.5559     522.0214      90.5795     215.7210     215.7210       3.4112    -218.7957       3.4112 1.790942e-03 1.611848e-02 9.732427e-02 3.751585e-01 3.022924e-01
  0.1000   112.5000 1.439484e-02 2.945212e-01  1     224.7357     484.9855      76.1353     204.4251     204.4251       2.6214    -217.3120       2.6214 1.439484e-03 1.295536e-02 7.925751e-02 3.604694e-01 2.914557e-01
  0.1000   115.0000 1.147216e-02 2.798700e-01  1     184.4745     445.6369      61.4058     192.1155     192.1155       1.9993    -215.4219       1.9993 1.147216e-03 1.032494e-02 5.987136e-02 3.436723e-01 2.788144e-01
  0.1000   117.5000 9.099141e-03 2.643132e-01  1     144.5339     404.3675      47.1060     178.6307     178.6307       1.5190    -212.3292       1.5190 9.099141e-04 8.189227e-03 4.021173e-02 3.243213e-01 2.639895e-01
  0.1000   120.0000 7.246376e-03 2.473369e-01  1     108.0373     362.2536      34.4425     163.9055     163.9055       1.1599    -206.7623       1.1599 7.246376e-04 6.521739e-03 2.232370e-02 3.021129e-01 2.467233e-01
  0.2000     0.0000 7.304566e-01 1.833562e+00  1    1222.9655    1615.9828     516.2061     549.8884     549.8884     321.5157    -277.3759     321.5157 1.460913e-01 5.843652e-01 8.626607e-01 1.097396e+00 9.093386e-01
  0.2000     0.1000 7.304603e-01 1.833567e+00  1    1222.9687    1615.9914     516.2058     549.8928     549.8928     321.5160    -277.3768     321.5160 1.460921e-01 5.843682e-01 8.626628e-01 1.097435e+00 9.093070e-01
  0.2000     2.5000 7.303220e-01 1.833186e+00  1    1222.7367    1615.6382     516.0893     549.7744     549.7744     321.4318    -277.2621     321.4318 1.460644e-01 5.842576e-01 8.624415e-01 1.097132e+00 9.090439e-01
  0.2000     5.0000 7.299044e-01 1.832041e+00  1    1222.0335    1614.5722     515.7373     549.4174     549.4174     321.1786    -276.9191     321.1786 1.459809e-01 5.839235e-01 8.617689e-01 1.096216e+00 9.082488e-01
  0.2000     7.5000 7.291994e-01 1.830129e+00  1    1220.8368    1612.7768     515.1429     548.8169     548.8169     320.7551    -276.3549     320.7551 1.458399e-01 5.833595e-01 8.606172e-01 1.094669e+00 9.069060e-01
  0.2000    10.0000 7.281931e-01 1.827446e+00  1    1219.1092    1610.2222     514.2941     547.9640     547.9640     320.1588    -275.5797     320.1588 1.456386e-01 5.825545e-01 8.589397e-01 1.092462e+00 9.049865e-01
  0.2000    12.5000 7.268688e-01 1.823983e+00  1    1216.8109    1606.8733     513.1776     546.8479     546.8479     319.3869    -274.6000     319.3869 1.453738e-01 5.814950e-01 8.566873e-01 1.089554e+00 9.024542e-01
  0.2000    15.0000 7.252105e-01 1.819729e+00  1    1213.9110    1602.6967     511.7817     545.4575     545.4575     318.4362    -273.4137     318.4362 1.450421e-01 5.801684e-01 8.538225e-01 1.085905e+00 8.992717e-01
  0.2000    17.5000 7.232036e-01 1.814671e+00  1    1210.3897    1597.6627     510.0978     543.7825     543.7825     317.3039    -272.0099     317.3039 1.446407e-01 5.785629e-01 8.503222e-01 1.081478e+00 8.954037e-01
  0.2000    20.0000 7.208343e-01 1.808790e+00  1    1206.2358    1591.7448     508.1188     541.8130     541.8130     315.9868    -270.3712     315.9868 1.441669e-01 5.766675e-01 8.461746e-01 1.076234e+00 8.908174e-01
  0.2000    22.5000 7.180888e-01 1.802064e+00  1    1201.4424    1584.9176     505.8388     539.5394     539.5394     314.4815    -268.4764     314.4815 1.436178e-01 5.744710e-01 8.413734e-01 1.070141e+00 8.854812e-01
  0.2000    25.0000 7.149517e-01 1.794469e+00  1    1196.0036    1577.1551     503.2520     536.9516     536.9516     312.7843    -266.3022     312.7843 1.429903e-01 5.719614e-01 8.359144e-01 1.063162e+00 8.793645e-01
  0.2000    27.5000 7.114058e-01 1.785976e+00  1    1189.9129    1568.4294     500.3516     534.0389     534.0389     310.8909    -263.8244     310.8909 1.422812e-01 5.691246e-01 8.297920e-01 1.055263e+00 8.724366e-01
  0.2000    30.0000 7.074306e-01 1.776553e+00  1    1183.1613    1558.7096     497.1301     530.7898     530.7898     308.7961    -261.0183     308.7961 1.414861e-01 5.659445e-01 8.229982e-01 1.046408e+00 8.646663e-01
  0.2000    32.5000 7.030026e-01 1.766167e+00  1    1175.7364    1547.9614     493.5784     527.1915     527.1915     306.4940    -257.8592     306.4940 1.406005e-01 5.624021e-01 8.155206e-01 1.036560e+00 8.560214e-01
  0.2000    35.0000 6.980937e-01 1.754780e+00  1    1167.6218    1536.1457     489.6858     523.2299     523.2299     303.9775    -254.3222     303.9775 1.396187e-01 5.584750e-01 8.073420e-01 1.025679e+00 8.464682e-01
  0.2000    37.5000 6.926711e-01 1.742350e+00  1    1158.7960    1523.2182     485.4395     518.8894     518.8894     301.2383    -250.3822     301.2383 1.385342e-01 5.541368e-01 7.984389e-01 1.013722e+00 8.359711e-01
  0.2000    40.0000 6.866957e-01 1.728833e+00  1    1149.2318    1509.1279     480.8241     514.1519     514.1519     298.2667    -246.0138     298.2667 1.373391e-01 5.493566e-01 7.887814e-01 1.000646e+00 8.244919e-01
  0.2000    42.5000 6.801217e-01 1.714182e+00  1    1138.8955    1493.8165     475.8216     508.9975     508.9975     295.0510    -241.1911     295.0510 1.360243e-01 5.440974e-01 7.783319e-01 9.863995e-01 8.119890e-01
  0.2000    45.0000 6.728944e-01 1.698343e+00  1    1127.7452    1477.2164     470.4107     503.4028     503.4028     291.5774    -235.8876     291.5774 1.345789e-01 5.383155e-01 7.670438e-01 9.709285e-01 7.984167e-01
  0.2000    47.5000 6.649485e-01 1.681257e+00  1    1115.7296    1459.2487     464.5657     497.3415     497.3415     287.8294    -230.0762     287.8294 1.329897e-01 5.319588e-01 7.548608e-01 9.541717e-01 7.837240e-01
  0.2000    50.0000 6.562053e-01 1.662861e+00  1    1102.7859    1439.8214     458.2565     490.7825     490.7825     283.7867    -223.7292     283.7867 1.312411e-01 5.249642e-01 7.417147e-01 9.360597e-01 7.678532e-01
  0.2000    52.5000 6.465692e-01 1.643080e+00  1    1088.8370    1418.8258     451.4467     483.6896     483.6896     279.4247    -216.8184     279.4247 1.293138e-01 5.172553e-01 7.275240e-01 9.165136e-01 7.507384e-01
  0.2000    55.0000 6.359229e-01 1.621833e+00  1    1073.7882    1396.1331     444.0927     476.0202     476.0202     274.7127    -209.3165     274.7127 1.271846e-01 5.087383e-01 7.121909e-01 8.954420e-01 7.323041e-01
  0.2000    57.5000 6.241211e-01 1.599026e+00  1    1057.5218    1371.5893     436.1421     467.7236     467.7236     269.6121    -201.1981     269.6121 1.248242e-01 4.992968e-01 6.955987e-01 8.727393e-01 7.124626e-01
  0.2000    60.0000 6.109809e-01 1.574547e+00  1    1039.8916    1345.0098     427.5310     458.7394     458.7394     264.0735    -192.4428     264.0735 1.221962e-01 4.887847e-01 6.776083e-01 8.482826e-01 6.911127e-01
  0.2000    62.5000 5.962702e-01 1.548269e+00  1    1020.7139    1316.1718     418.1815     448.9951     448.9951     258.0326    -183.0412     258.0326 1.192540e-01 4.770162e-01 6.580540e-01 8.219302e-01 6.681381e-01
  0.2000    65.0000 5.796900e-01 1.520036e+00  1     999.7571    1284.8079     407.9989     438.4045     438.4045     251.4043    -173.0044     251.4043 1.159380e-01 4.637520e-01 6.367407e-01 7.935219e-01 6.434091e-01
  0.2000    67.5000 5.608522e-01 1.489662e+00  1     976.7287    1250.6007     396.8681     426.8663     426.8663     244.0735    -162.3829     244.0735 1.121704e-01 4.486818e-01 6.134421e-01 7.628851e-01 6.167891e-01
  0.2000    70.0000 5.392516e-01 1.456916e+00  1     951.2632    1213.1876     384.6530     414.2673     414.2673     235.8828    -151.3005     235.8828 1.078503e-01 4.314013e-01 5.879083e-01 7.298573e-01 5.881562e-01
  0.2000    72.5000 5.142397e-01 1.421508e+00  1     922.9198    1172.1919     371.2014     400.4952     400.4952     226.6150    -140.0155     226.6150 1.028479e-01 4.113918e-01 5.598918e-01 6.943420e-01 5.574550e-01
  0.2000    75.0000 4.850261e-01 1.383063e+00  1     891.2174    1127.3228     356.3697     385.4766     385.4766     215.9744    -129.0231     215.9744 9.700521e-02 3.880209e-01 5.292222e-01 6.564391e-01 5.248146e-01
  0.2000    77.5000 4.507767e-01 1.341079e+00  1     855.7659    1078.6136     340.0849     369.2643     369.2643     203.5819    -119.1985     203.5819 9.015534e-02 3.606214e-01 4.959687e-01 6.167017e-01 4.907742e-01
  0.2000    80.0000 4.109295e-01 1.294867e+00  1     816.5759    1026.8441     322.4654     352.1894     352.1894     189.0190    -111.8881     189.0190 8.218591e-02 3.287436e-01 4.607075e-01 5.765074e-01 4.566008e-01
  0.2000    82.5000 3.657418e-01 1.243423e+00  1     774.4804     973.9145     303.9381     334.9882     334.9882     171.9648    -108.6751     171.9648 7.314835e-02 2.925934e-01 4.247119e-01 5.382299e-01 4.244102e-01
  0.2000    85.0000 3.166247e-01 1.185193e+00  1     731.2128     922.4878     285.1642     318.6618     318.6618     152.3709    -110.5916     152.3709 6.332494e-02 2.532998e-01 3.896428e-01 5.045836e-01 3.965562e-01
  0.2000    87.5000 2.657705e-01 1.117531e+00  1     688.7776     874.7639     266.7317     304.0161     304.0161     130.5488    -117.2879     130.5488 5.315410e-02 2.126164e-01 3.567944e-01 4.772983e-01 3.744685e-01
  0.2000    90.0000 2.157811e-01 1.035206e+00  1     648.7784     831.6686     249.0062     291.3312     291.3312     107.3239    -126.9514     107.3239 4.315623e-02 1.726249e-01 3.268664e-01 4.564595e-01 3.581228e-01
  0.2000    92.5000 1.699870e-01 9.245753e-01  1     612.2353     793.1055     232.3232     280.3911     280.3911      84.4439    -136.8933      84.4439 3.399740e-02 1.359896e-01 3.004702e-01 4.408605e-01 3.463942e-01
  0.2000    95.0000 1.317795e-01 7.030368e-01  1     579.2757     758.3534     217.0225     270.6654     270.6654      64.3192    -144.7386      64.3192 2.635591e-02 1.054236e-01 2.781263e-01 4.286559e-01 3.376394e-01
  0.2000    97.5000 1.023486e-01 4.520799e-01  1     548.9045     726.2351     203.1034     261.5659     261.5659      48.4194    -149.6940      48.4194 2.046972e-02 8.187888e-02 2.594950e-01 4.181289e-01 3.303544e-01
  0.2000   100.0000 8.040830e-02 3.996010e-01  1     519.7025     695.5056     190.1831     252.6613     252.6613      36.5702    -152.3047      36.5702 1.608166e-02 6.432664e-02 2.434429e-01 4.081764e-01 3.235783e-01
  0.2000   102.5000 6.396471e-02 3.690839e-01  1     490.5485     665.1931     177.8043     243.6944     243.6944      27.8567    -153.4008      27.8567 1.279294e-02 5.117177e-02 2.287921e-01 3.982063e-01 3.167960e-01
  0.2000   105.0000 5.137954e-02 3.467114e-01  1     460.7159     634.6181     165.6053     234.5064     234.5064      21.3927    -153.6091      21.3927 1.027591e-02 4.110363e-02 2.146540e-01 3.878721e-01 3.097057e-01
  0.2000   107.5000 4.151713e-02 3.282460e-01  1     429.7214     603.2823     153.3255     224.9784     224.9784      16.5215    -153.3252      16.5215 8.303426e-03 3.321370e-02 2.003975e-01 3.769143e-01 3.020811e-01
  0.2000   110.0000 3.362007e-02 3.117307e-01  1     397.1917     570.7685     140.7691     214.9997     214.9997      12.7908    -152.7863      12.7908 6.724014e-03 2.689606e-02 1.855451e-01 3.650865e-01 2.937078e-01
  0.2000   112.5000 2.718016e-02 2.960326e-01  1     362.7814     536.6705     127.7727     204.4489     204.4489       9.8920    -152.1294       9.8920 5.436033e-03 2.174413e-02 1.696924e-01 3.521157e-01 2.843491e-01
  0.2000   115.0000 2.185007e-02 2.803724e-01  1     326.1297     500.5397     114.1854     193.1772     193.1772       7.6128    -151.4177       7.6128 4.370014e-03 1.748006e-02 1.524594e-01 3.376693e-01 2.737178e-01
  0.2000   117.5000 1.738866e-02 2.641199e-01  1     286.8556     461.8420      99.8645     180.9887     180.9887       5.8045    -150.6324       5.8045 3.477732e-03 1.391093e-02 1.334753e-01 3.213134e-01 2.614413e-01
  0.2000   120.0000 1.362912e-02 2.466732e-01  1     244.6391     419.9280      84.7036     167.6122     167.6122       4.3624    -149.6045       4.3624 2.725825e-03 1.090330e-02 1.124274e-01 3.024492e-01 2.470076e-01
  0.3000     0.0000 8.315084e-01 1.882911e+00  1    1335.0148    1695.5291     552.9201     571.3045     571.3045     384.2877    -185.9289     384.2877 2.494525e-01 5.820559e-01 1.030524e+00 1.169061e+00 9.767448e-01
  0.3000     0.1000 8.315128e-01 1.882916e+00  1    1335.0189    1695.5386     552.9202     571.3092     571.3092     384.2882    -185.9296     384.2882 2.494538e-01 5.820590e-01 1.030528e+00 1.169103e+00 9.767114e-01
  0.3000     2.5000 8.313784e-01 1.882550e+00  1    1334.8140    1695.2129     552.8111     571.2009     571.2009     384.2140    -185.8012     384.2140 2.494135e-01 5.819648e-01 1.030294e+00 1.168838e+00 9.764835e-01
  0.3000     5.0000 8.309733e-01 1.881451e+00  1    1334.1962    1694.2321     552.4828     570.8746     570.8746     383.9910    -185.4157     383.9910 2.492920e-01 5.816813e-01 1.029588e+00 1.168041e+00 9.757965e-01
  0.3000     7.5000 8.302940e-01 1.879616e+00  1    1333.1573    1692.5890     551.9325     570.3282     570.3282     383.6186    -184.7747     383.6186 2.490882e-01 5.812058e-01 1.028401e+00 1.166702e+00 9.746422e-01
  0.3000    10.0000 8.293333e-01 1.877041e+00  1    1331.6814    1690.2690     551.1552     569.5569     569.5569     383.0954    -183.8812     383.0954 2.488000e-01 5.805333e-01 1.026713e+00 1.164803e+00 9.730041e-01
  0.3000    12.5000 8.280808e-01 1.873719e+00  1    1329.7461    1687.2507     550.1434     568.5537     568.5537     382.4193    -182.7378     382.4193 2.484242e-01 5.796565e-01 1.024497e+00 1.162319e+00 9.708582e-01
  0.3000    15.0000 8.265239e-01 1.869640e+00  1    1327.3263    1683.5081     548.8881     567.3100     567.3100     381.5881    -181.3451     381.5881 2.479572e-01 5.785667e-01 1.021720e+00 1.159218e+00 9.681747e-01
  0.3000    17.5000 8.246489e-01 1.864791e+00  1    1324.3977    1679.0134     547.3801     565.8166     565.8166     380.5990    -179.6996     380.5990 2.473947e-01 5.772542e-01 1.018352e+00 1.155465e+00 9.649215e-01
  0.3000    20.0000 8.224417e-01 1.859156e+00  1    1320.9391    1673.7379     545.6101     564.0639     564.0639     379.4489    -177.7928     379.4489 2.467325e-01 5.757092e-01 1.014362e+00 1.151023e+00 9.610660e-01
  0.3000    22.5000 8.198878e-01 1.852716e+00  1    1316.9323    1667.6534     543.5693     562.0421     562.0421     378.1349    -175.6123     378.1349 2.459663e-01 5.739215e-01 1.009724e+00 1.145859e+00 9.565763e-01
  0.3000    25.0000 8.169717e-01 1.845448e+00  1    1312.3612    1660.7313     541.2487     559.7413     559.7413     376.6533    -173.1423     376.6533 2.450915e-01 5.718802e-01 1.004414e+00 1.139937e+00 9.514210e-01
  0.3000    27.5000 8.136768e-01 1.837326e+00  1    1307.2110    1652.9422     538.6394     557.1514     557.1514     375.0003    -170.3650     375.0003 2.441030e-01 5.695737e-01 9.984098e-01 1.133223e+00 9.455694e-01
  0.3000    30.0000 8.099845e-01 1.828324e+00  1    1301.4664    1644.2557     535.7321     554.2618     554.2618     373.1715    -167.2611     373.1715 2.429953e-01 5.669891e-01 9.916874e-01 1.125683e+00 9.389905e-01
  0.3000    32.5000 8.058742e-01 1.818409e+00  1    1295.1110    1634.6392     532.5167     551.0612     551.0612     371.1619    -163.8109     371.1619 2.417622e-01 5.641119e-01 9.842233e-01 1.117280e+00 9.316530e-01
  0.3000    35.0000 8.013222e-01 1.807549e+00  1    1288.1262    1624.0572     528.9823     547.5374     547.5374     368.9658    -159.9940     368.9658 2.403967e-01 5.609255e-01 9.759916e-01 1.107978e+00 9.235246e-01
  0.3000    37.5000 7.963016e-01 1.795707e+00  1    1280.4908    1612.4710     525.1169     543.6771     543.6771     366.5765    -155.7902     366.5765 2.388905e-01 5.574111e-01 9.669641e-01 1.097737e+00 9.145710e-01
  0.3000    40.0000 7.907814e-01 1.782844e+00  1    1272.1797    1599.8376     520.9068     539.4654     539.4654     363.9864    -151.1790     363.9864 2.372344e-01 5.535470e-01 9.571095e-01 1.086515e+00 9.047559e-01
  0.3000    42.5000 7.847259e-01 1.768919e+00  1    1263.1634    1586.1084     516.3367     534.8858     534.8858     361.1865    -146.1401     361.1865 2.354178e-01 5.493081e-01 9.463923e-01 1.074267e+00 8.940396e-01
  0.3000    45.0000 7.780934e-01 1.753886e+00  1    1253.4069    1571.2287     511.3893     529.9197     529.9197     358.1663    -140.6528     358.1663 2.334280e-01 5.446654e-01 9.347727e-01 1.060942e+00 8.823782e-01
  0.3000    47.5000 7.708352e-01 1.737695e+00  1    1242.8688    1555.1358     506.0446     524.5456     524.5456     354.9137    -134.6964     354.9137 2.312505e-01 5.395846e-01 9.222052e-01 1.046482e+00 8.697222e-01
  0.3000    50.0000 7.628937e-01 1.720290e+00  1    1231.4994    1537.7570     500.2796     518.7387     518.7387     351.4138    -128.2503     351.4138 2.288681e-01 5.340256e-01 9.086376e-01 1.030821e+00 8.560154e-01
  0.3000    52.5000 7.542006e-01 1.701612e+00  1    1219.2393    1519.0076     494.0674     512.4701     512.4701     347.6493    -121.2934     347.6493 2.262602e-01 5.279404e-01 8.940097e-01 1.013885e+00 8.411923e-01
  0.3000    55.0000 7.446733e-01 1.681591e+00  1    1206.0163    1498.7874     487.3765     505.7055     505.7055     343.5986    -113.8049     343.5986 2.234020e-01 5.212713e-01 8.782515e-01 9.955844e-01 8.251758e-01
  0.3000    57.5000 7.342114e-01 1.660150e+00  1    1191.7425    1476.9769     480.1693     498.4038     498.4038     339.2358    -105.7640     339.2358 2.202634e-01 5.139480e-01 8.612804e-01 9.758130e-01 8.078744e-01
  0.3000    60.0000 7.226907e-01 1.637201e+00  1    1176.3093    1453.4313     472.4008     490.5153     490.5153     334.5281     -97.1510     334.5281 2.168072e-01 5.058835e-01 8.429983e-01 9.544431e-01 7.891772e-01
  0.3000    62.5000 7.099555e-01 1.612641e+00  1    1159.5809    1427.9729     464.0158     481.9785     481.9785     329.4340     -87.9482     329.4340 2.129866e-01 4.969688e-01 8.232863e-01 9.313185e-01 7.689488e-01
  0.3000    65.0000 6.958066e-01 1.586350e+00  1    1141.3850    1400.3807     454.9463     472.7172     472.7172     323.8998     -78.1416     323.8998 2.087420e-01 4.870646e-01 8.019986e-01 9.062457e-01 7.470215e-01
  0.3000    67.5000 6.799846e-01 1.558185e+00  1    1121.4993    1370.3744     445.1063     462.6341     462.6341     317.8542     -67.7248     317.8542 2.039954e-01 4.759892e-01 7.789522e-01 8.789823e-01 7.231859e-01
  0.3000    70.0000 6.621434e-01 1.527972e+00  1    1099.6311    1337.5939     434.3853     451.6043     451.6043     311.2002     -56.7061     311.2002 1.986430e-01 4.635004e-01 7.539132e-01 8.492217e-01 6.971778e-01
  0.3000    72.5000 6.418104e-01 1.495501e+00  1    1075.3874    1301.5674     422.6385     439.4645     439.4645     303.8020     -45.1214     303.8020 1.925431e-01 4.492673e-01 7.265766e-01 8.165735e-01 6.686622e-01
  0.3000    75.0000 6.183228e-01 1.460505e+00  1    1048.2301    1261.6709     409.6727     425.9991     425.9991     295.4622     -33.0618     295.4622 1.854968e-01 4.328259e-01 6.965393e-01 7.805430e-01 6.372186e-01
  0.3000    77.5000 5.907316e-01 1.422643e+00  1    1017.4131    1217.0805     395.2286     410.9260     410.9260     285.8849     -20.7317     285.8849 1.772195e-01 4.135121e-01 6.632691e-01 7.405243e-01 6.023389e-01
  0.3000    80.0000 5.576737e-01 1.381468e+00  1     981.9170    1166.7580     378.9682     393.8949     393.8949     274.6143      -8.5761     274.6143 1.673021e-01 3.903716e-01 6.261011e-01 6.958627e-01 5.634918e-01
  0.3000    82.5000 5.173008e-01 1.336364e+00  1     940.4839    1109.6381     360.5127     374.5627     374.5627     260.9535       2.4466     260.9535 1.551902e-01 3.621105e-01 5.843803e-01 6.461745e-01 5.204186e-01
  0.3000    85.0000 4.677250e-01 1.286455e+00  1     892.1641    1045.5432     339.6848     352.9292     352.9292     243.9594      10.4017     243.9594 1.403175e-01 3.274075e-01 5.381297e-01 5.923942e-01 4.740686e-01
  0.3000    87.5000 4.090372e-01 1.230411e+00  1     838.0981     977.4132     317.1643     330.1244     330.1244     222.8664      12.2748     222.8664 1.227112e-01 2.863261e-01 4.896195e-01 5.387169e-01 4.282655e-01
  0.3000    90.0000 3.457760e-01 1.166030e+00  1     782.9964     912.0784     294.8250     308.6267     308.6267     198.0104       5.8765     198.0104 1.037328e-01 2.420432e-01 4.437588e-01 4.921528e-01 3.891667e-01
  0.3000    92.5000 2.841972e-01 1.089169e+00  1     731.8780     854.9638     274.2847     290.3395     290.3395     170.7149      -7.6702     170.7149 8.525916e-02 1.989380e-01 4.041605e-01 4.567412e-01 3.601278e-01
  0.3000    95.0000 2.279216e-01 9.899431e-01  1     686.4938     806.4870     255.7804     275.3533     275.3533     142.2695     -25.0977     142.2695 6.837649e-02 1.595451e-01 3.708248e-01 4.313665e-01 3.399735e-01
  0.3000    97.5000 1.787914e-01 8.244743e-01  1     646.4270     764.6742     238.9235     262.8753     262.8753     114.1712     -42.9878     114.1712 5.363743e-02 1.251540e-01 3.424311e-01 4.130801e-01 3.260207e-01
  0.3000   100.0000 1.382971e-01 4.368418e-01  1     610.5926     727.4365     223.4198     252.0084     252.0084      88.5780     -58.5142      88.5780 4.148914e-02 9.680799e-02 3.180590e-01 3.991095e-01 3.158150e-01
  0.3000   102.5000 1.068362e-01 3.844668e-01  1     577.5862     693.0402     209.0817     241.9793     241.9793      67.3624     -70.2315      67.3624 3.205085e-02 7.478532e-02 2.970709e-01 3.872885e-01 3.074672e-01
  0.3000   105.0000 8.319010e-02 3.543351e-01  1     545.9579     660.1000     195.6364     232.2318     232.2318      50.9575     -78.2869      50.9575 2.495703e-02 5.823307e-02 2.786240e-01 3.761859e-01 2.997386e-01
  0.3000   107.5000 6.544973e-02 3.319292e-01  1     514.5435     627.5755     182.7333     222.4211     222.4211      38.6546     -83.5858      38.6546 1.963492e-02 4.581481e-02 2.617362e-01 3.649843e-01 2.919235e-01
  0.3000   110.0000 5.192333e-02 3.130859e-01  1     482.5206     594.7048     170.0400     212.3324     212.3324      29.4577     -87.0288      29.4577 1.557700e-02 3.634633e-02 2.455262e-01 3.532077e-01 2.836106e-01
  0.3000   112.5000 4.138262e-02 2.958989e-01  1     449.2886     560.8927     157.2779     201.8074     201.8074      22.5176     -89.2734      22.5176 1.241479e-02 2.896784e-02 2.292808e-01 3.405138e-01 2.745033e-01
  0.3000   115.0000 3.299067e-02 2.792482e-01  1     414.3387     525.6042     144.2094     190.6974     190.6974      17.2099     -90.7524      17.2099 9.897200e-03 2.309347e-02 2.124090e-01 3.265803e-01 2.643226e-01
  0.3000   117.5000 2.618161e-02 2.623332e-01  1     377.1557     488.2770     130.6115     178.8328     178.8328      13.0961     -91.7371      13.0961 7.854483e-03 1.832713e-02 1.943713e-01 3.110377e-01 2.527496e-01
  0.3000   120.0000 2.056769e-02 2.444615e-01  1     337.1418     448.2328     116.2486     165.9921     165.9921       9.8695     -92.3764       9.8695 6.170307e-03 1.439738e-02 1.746158e-01 2.934068e-01 2.393722e-01
  0.4000     0.0000 9.938016e-01 1.897948e+00  1    1557.8951    1846.3956     607.4864     619.4546     619.4546     448.8628     -12.0244     448.8628 3.975206e-01 5.962809e-01 1.264641e+00 1.366240e+00 1.163065e+00
  0.4000     0.1000 9.938072e-01 1.897953e+00  1    1557.9016    1846.4068     607.4869     619.4600     619.4600     448.8635     -12.0236     448.8635 3.975229e-01 5.962843e-01 1.264648e+00 1.366291e+00 1.163027e+00
  0.4000     2.5000 9.936718e-01 1.897597e+00  1    1557.6879    1846.0984     607.3833     619.3576     619.3576     448.7973     -11.9299     448.7973 3.974687e-01 5.962031e-01 1.264400e+00 1.366031e+00 1.162801e+00
  0.4000     5.0000 9.932644e-01 1.896526e+00  1    1557.0444    1845.1705     607.0715     619.0495     619.0495     448.5985     -11.6484     448.5985 3.973058e-01 5.959586e-01 1.263656e+00 1.365250e+00 1.162121e+00
  0.4000     7.5000 9.925831e-01 1.894738e+00  1    1555.9677    1843.6195     606.5505     618.5345     618.5345     448.2667     -11.1797     448.2667 3.970332e-01 5.955498e-01 1.262410e+00 1.363940e+00 1.160980e+00
  0.4000    10.0000 9.916240e-01 1.892230e+00  1    1554.4500    1841.4376     605.8179     617.8099     617.8099     447.8011     -10.5248     447.8011 3.966496e-01 5.949744e-01 1.260655e+00 1.362093e+00 1.159371e+00
  0.4000    12.5000 9.903814e-01 1.888994e+00  1    1552.4797    1838.6129     604.8697     616.8716     616.8716     447.2007      -9.6849     447.2007 3.961526e-01 5.942289e-01 1.258379e+00 1.359691e+00 1.157276e+00
  0.4000    15.0000 9.888475e-01 1.885022e+00  1    1550.0415    1835.1292     603.7011     615.7140     615.7140     446.4638      -8.6608     446.4638 3.955390e-01 5.933085e-01 1.255562e+00 1.356711e+00 1.154675e+00
  0.4000    17.5000 9.870127e-01 1.880301e+00  1    1547.1173    1830.9668     602.3056     614.3306     614.3306     445.5886      -7.4524     445.5886 3.948051e-01 5.922076e-01 1.252184e+00 1.353128e+00 1.151543e+00
  0.4000    20.0000 9.848661e-01 1.874816e+00  1    1543.6880    1826.1035     600.6764     612.7135     612.7135     444.5729      -6.0577     444.5729 3.939464e-01 5.909196e-01 1.248222e+00 1.348910e+00 1.147852e+00
  0.4000    22.5000 9.823954e-01 1.868548e+00  1    1539.7339    1820.5149     598.8058     610.8545     610.8545     443.4142      -4.4730     443.4142 3.929582e-01 5.894372e-01 1.243650e+00 1.344024e+00 1.143572e+00
  0.4000    25.0000 9.795872e-01 1.861478e+00  1    1535.2355    1814.1755     596.6860     608.7447     608.7447     442.1097      -2.6923     442.1097 3.918349e-01 5.877523e-01 1.238444e+00 1.338437e+00 1.138670e+00
  0.4000    27.5000 9.764269e-01 1.853581e+00  1    1530.1732    1807.0582     594.3086     606.3748     606.3748     440.6563      -0.7084     440.6563 3.905707e-01 5.858561e-01 1.232579e+00 1.332112e+00 1.133115e+00
  0.4000    30.0000 9.728981e-01 1.844831e+00  1    1524.5273    1799.1347     591.6653     603.7347     603.7347     439.0506       1.4873     439.0506 3.891592e-01 5.837388e-01 1.226030e+00 1.325014e+00 1.126872e+00
  0.4000    32.5000 9.689828e-01 1.835199e+00  1    1518.2772    1790.3752     588.7470     600.8141     600.8141     437.2884       3.9037     437.2884 3.875931e-01 5.813897e-01 1.218774e+00 1.317103e+00 1.119908e+00
  0.4000    35.0000 9.646612e-01 1.824653e+00  1    1511.4013    1780.7478     585.5444     597.6017     597.6017     435.3654       6.5502     435.3654 3.858645e-01 5.787967e-01 1.210786e+00 1.308339e+00 1.112185e+00
  0.4000    37.5000 9.599107e-01 1.813161e+00  1    1503.8761    1770.2181     582.0476     594.0853     594.0853     433.2766       9.4360     433.2766 3.839643e-01 5.759464e-01 1.202042e+00 1.298680e+00 1.103666e+00
  0.4000    40.0000 9.547060e-01 1.800686e+00  1    1495.6754    1758.7487     578.2457     590.2515     590.2515     431.0162      12.5702     431.0162 3.818824e-01 5.728236e-01 1.192516e+00 1.288079e+00 1.094309e+00
  0.4000    42.5000 9.490188e-01 1.787190e+00  1    1486.7702    1746.2982     574.1272     586.0855     586.0855     428.5776      15.9614     428.5776 3.796075e-01 5.694113e-01 1.182181e+00 1.276487e+00 1.084068e+00
  0.4000    45.0000 9.428162e-01 1.772631e+00  1    1477.1273    1732.8207     569.6789     581.5709     581.5709     425.9533      19.6176     425.9533 3.771265e-01 5.656897e-01 1.171007e+00 1.263848e+00 1.072896e+00
  0.4000    47.5000 9.360612e-01 1.756962e+00  1    1466.7090    1718.2643     564.8864     576.6889     576.6889     423.1346      23.5466     423.1346 3.744245e-01 5.616367e-01 1.158963e+00 1.250102e+00 1.060737e+00
  0.4000    50.0000 9.287103e-01 1.740134e+00  1    1455.4714    1702.5701     559.7333     571.4184     571.4184     420.1114      27.7555     420.1114 3.714841e-01 5.572262e-01 1.146012e+00 1.235180e+00 1.047531e+00
  0.4000    52.5000 9.207134e-01 1.722093e+00  1    1443.3634    1685.6702     554.2006     565.7348     565.7348     416.8717      32.2508     416.8717 3.682854e-01 5.524280e-01 1.132111e+00 1.219003e+00 1.033207e+00
  0.4000    55.0000 9.120110e-01 1.702776e+00  1    1430.3247    1667.4857     548.2664     559.6097     559.6097     413.4016      37.0387     413.4016 3.648044e-01 5.472066e-01 1.117211e+00 1.201483e+00 1.017686e+00
  0.4000    57.5000 9.025324e-01 1.682115e+00  1    1416.2837    1647.9236     541.9048     553.0094     553.0094     409.6841      42.1250     409.6841 3.610130e-01 5.415194e-01 1.101252e+00 1.182515e+00 1.000875e+00
  0.4000    60.0000 8.921925e-01 1.660032e+00  1    1401.1538    1626.8731     535.0850     545.8940     545.8940     405.6988      47.5150     405.6988 3.568770e-01 5.353155e-01 1.084161e+00 1.161978e+00 9.826646e-01
  0.4000    62.5000 8.808871e-01 1.636436e+00  1    1384.8298    1604.1999     527.7694     538.2153     538.2153     401.4204      53.2134     401.4204 3.523548e-01 5.285322e-01 1.065847e+00 1.139724e+00 9.629254e-01
  0.4000    65.0000 8.684865e-01 1.611223e+00  1    1367.1812    1579.7393     519.9115     529.9139     529.9139     396.8176      59.2249     396.8176 3.473946e-01 5.210919e-01 1.046195e+00 1.115578e+00 9.414999e-01
  0.4000    67.5000 8.548271e-01 1.584270e+00  1    1348.0437    1553.2853     511.4528     520.9162     520.9162     391.8501      65.5531     391.8501 3.419308e-01 5.128962e-01 1.025055e+00 1.089322e+00 9.181946e-01
  0.4000    70.0000 8.396966e-01 1.555431e+00  1    1327.2059    1524.5747     502.3182     511.1282     511.1282     386.4657      72.2012     386.4657 3.358786e-01 5.038179e-01 1.002234e+00 1.060684e+00 8.927671e-01
  0.4000    72.5000 8.228134e-01 1.524526e+00  1    1304.3899    1493.2634     492.4083     500.4276     500.4276     380.5940      79.1703     380.5940 3.291254e-01 4.936881e-01 9.774669e-01 1.029312e+00 8.649066e-01
  0.4000    75.0000 8.037920e-01 1.491336e+00  1    1279.2180    1458.8880     481.5877     488.6502     488.6502     374.1376      86.4583     374.1376 3.215168e-01 4.822752e-01 9.503903e-01 9.947461e-01 8.342034e-01
  0.4000    77.5000 7.820829e-01 1.455586e+00  1    1251.1593    1420.8019     469.6656     475.5682     475.5682     366.9559      94.0560     366.9559 3.128332e-01 4.692497e-01 9.204830e-01 9.563528e-01 8.000997e-01
  0.4000    80.0000 7.568646e-01 1.416918e+00  1    1219.4312    1378.0610     456.3592     460.8509     460.8509     358.8345     101.9377     358.8345 3.027458e-01 4.541188e-01 8.869681e-01 9.132342e-01 7.618039e-01
  0.4000    82.5000 7.268292e-01 1.374858e+00  1    1182.8104    1329.2079     441.2255     443.9912     443.9912     349.4239     110.0375     349.4239 2.907317e-01 4.360975e-01 8.486237e-01 8.640441e-01 7.181351e-01
  0.4000    85.0000 6.897167e-01 1.328754e+00  1    1139.2351    1271.8256     423.5162     424.1547     424.1547     338.1001     118.1799     338.1001 2.758867e-01 4.138300e-01 8.033920e-01 8.066389e-01 6.672226e-01
  0.4000    87.5000 6.412046e-01 1.277662e+00  1    1084.9048    1201.5732     401.8515     399.8609     399.8609     323.6089     125.8438     323.6089 2.564818e-01 3.847227e-01 7.475287e-01 7.374043e-01 6.059409e-01
  0.4000    90.0000 5.723934e-01 1.220124e+00  1    1012.5360    1110.5766     373.5991     368.4888     368.4888     303.1088     131.1905     303.1088 2.289573e-01 3.434360e-01 6.741604e-01 6.506890e-01 5.295172e-01
  0.4000    92.5000 4.722994e-01 1.153674e+00  1     915.8385     994.4244     336.5865     328.9190     328.9190     271.6001     127.8444     271.6001 1.889198e-01 2.833796e-01 5.792558e-01 5.483269e-01 4.402275e-01
  0.4000    95.0000 3.664999e-01 1.073469e+00  1     822.5327     889.0397     301.0737     293.9830     293.9830     232.7624     110.0996     232.7624 1.466000e-01 2.199000e-01 4.938606e-01 4.685927e-01 3.721785e-01
  0.4000    97.5000 2.844631e-01 9.669305e-01  1     754.6676     816.4452     274.8350     270.8051     270.8051     195.8120      86.1329     195.8120 1.137852e-01 1.706778e-01 4.371161e-01 4.239038e-01 3.353179e-01
  0.4000   100.0000 2.207636e-01 7.407609e-01  1     702.9912     762.9117     254.2685     254.3216     254.3216     161.1205      61.3415     161.1205 8.830542e-02 1.324581e-01 3.970421e-01 3.970993e-01 3.140962e-01
  0.4000   102.5000 1.699716e-01 4.007938e-01  1     660.1711     719.1298     236.7051     241.2124     241.2124     128.6166      37.8642     128.6166 6.798863e-02 1.019829e-01 3.657617e-01 3.787978e-01 3.002304e-01
  0.4000   105.0000 1.300814e-01 3.603532e-01  1     622.3908     680.5615     220.9458     229.8078     229.8078      99.6697      17.4889      99.6697 5.203254e-02 7.804881e-02 3.398264e-01 3.645993e-01 2.898863e-01
  0.4000   107.5000 9.970016e-02 3.337949e-01  1     587.2829     644.6656     206.3959     219.1349     219.1349      75.7282       1.3221      75.7282 3.988006e-02 5.982009e-02 3.175101e-01 3.520690e-01 2.809624e-01
  0.4000   110.0000 7.695237e-02 3.127322e-01  1     553.1961     609.8298     192.6328     208.5985     208.5985      57.0747     -10.7054      57.0747 3.078095e-02 4.617142e-02 2.975846e-01 3.397972e-01 2.722483e-01
  0.4000   112.5000 5.985438e-02 2.941953e-01  1     518.9682     574.9544     179.2767     197.8388     197.8388      42.9655     -19.4079      42.9655 2.394175e-02 3.591263e-02 2.789833e-01 3.269799e-01 2.630544e-01
  0.4000   115.0000 4.678575e-02 2.766699e-01  1     483.7507     539.2206     165.9854     186.6176     186.6176      32.3558     -25.7070      32.3558 1.871430e-02 2.807145e-02 2.607884e-01 3.131085e-01 2.529433e-01
  0.4000   117.5000 3.658438e-02 2.591811e-01  1     446.8367     501.9218     152.4506     174.7356     174.7356      24.3245     -30.3423      24.3245 1.463375e-02 2.195063e-02 2.422112e-01 2.977632e-01 2.415533e-01
  0.4000   120.0000 2.845443e-02 2.409547e-01  1     407.5127     462.3245     138.3718     161.9764     161.9764      18.1755     -33.8367      18.1755 1.138177e-02 1.707266e-02 2.225226e-01 2.804862e-01 2.284902e-01
  0.5000     0.0000 1.342734e+00 1.887773e+00  1    2234.6207    2234.6207     775.6807     729.4700     729.4700     534.5402     457.5223     534.5402 6.713672e-01 6.713672e-01 2.272293e+00 1.751646e+00 1.530016e+00
  0.5000     0.1000 1.342742e+00 1.887779e+00  1    2234.6339    2234.6339     775.6830     729.4754     729.4754     534.5409     457.5283     534.5409 6.713708e-01 6.713708e-01 2.272319e+00 1.751703e+00 1.529961e+00
  0.5000     2.5000 1.342568e+00 1.887428e+00  1    2234.2819    2234.2819     775.5677     729.3571     729.3571     534.4795     457.4620     534.4795 6.712841e-01 6.712841e-01 2.271892e+00 1.751348e+00 1.529639e+00
  0.5000     5.0000 1.342047e+00 1.886376e+00  1    2233.2236    2233.2236     775.2208     729.0014     729.0014     534.2949     457.2625     534.2949 6.710235e-01 6.710235e-01 2.270607e+00 1.750279e+00 1.528673e+00
  0.5000     7.5000 1.341177e+00 1.884618e+00  1    2231.4573    2231.4573     774.6420     728.4077     728.4077     533.9870     456.9298     533.9870 6.705885e-01 6.705885e-01 2.268462e+00 1.748496e+00 1.527059e+00
  0.5000    10.0000 1.339956e+00 1.882153e+00  1    2228.9793    2228.9793     773.8298     727.5747     727.5747     533.5553     456.4634     533.5553 6.699782e-01 6.699782e-01 2.265452e+00 1.745992e+00 1.524794e+00
  0.5000    12.5000 1.338382e+00 1.878972e+00  1    2225.7836    2225.7836     772.7825     726.5006     726.5006     532.9992     455.8626     532.9992 6.691911e-01 6.691911e-01 2.261568e+00 1.742762e+00 1.521872e+00
  0.5000    15.0000 1.336451e+00 1.875067e+00  1    2221.8624    2221.8624     771.4974     725.1825     725.1825     532.3180     455.1265     532.3180 6.682253e-01 6.682253e-01 2.256798e+00 1.738797e+00 1.518284e+00
  0.5000    17.5000 1.334157e+00 1.870427e+00  1    2217.2053    2217.2053     769.9710     723.6171     723.6171     531.5105     454.2540     531.5105 6.670783e-01 6.670783e-01 2.251129e+00 1.734082e+00 1.514018e+00
  0.5000    20.0000 1.331494e+00 1.865037e+00  1    2211.7993    2211.7993     768.1992     721.8001     721.8001     530.5756     453.2436     530.5756 6.657470e-01 6.657470e-01 2.244541e+00 1.728604e+00 1.509060e+00
  0.5000    22.5000 1.328455e+00 1.858878e+00  1    2205.6291    2205.6291     766.1769     719.7261     719.7261     529.5116     452.0937     529.5116 6.642274e-01 6.642274e-01 2.237011e+00 1.722343e+00 1.503393e+00
  0.5000    25.0000 1.325029e+00 1.851932e+00  1    2198.6766    2198.6766     763.8980     717.3893     717.3893     528.3166     450.8020     528.3166 6.625147e-01 6.625147e-01 2.228514e+00 1.715276e+00 1.496996e+00
  0.5000    27.5000 1.321207e+00 1.844175e+00  1    2190.9214    2190.9214     761.3560     714.7827     714.7827     526.9886     449.3664     526.9886 6.606033e-01 6.606033e-01 2.219019e+00 1.707381e+00 1.489847e+00
  0.5000    30.0000 1.316973e+00 1.835581e+00  1    2182.3405    2182.3405     758.5431     711.8987     711.8987     525.5248     447.7841     525.5248 6.584867e-01 6.584867e-01 2.208493e+00 1.698629e+00 1.481921e+00
  0.5000    32.5000 1.312314e+00 1.826123e+00  1    2172.9086    2172.9086     755.4510     708.7288     708.7288     523.9223     446.0519     523.9223 6.561572e-01 6.561572e-01 2.196899e+00 1.688991e+00 1.473191e+00
  0.5000    35.0000 1.307213e+00 1.815771e+00  1    2162.5978    2162.5978     752.0705     705.2636     705.2636     522.1777     444.1663     522.1777 6.536063e-01 6.536063e-01 2.184198e+00 1.678435e+00 1.463628e+00
  0.5000    37.5000 1.301648e+00 1.804492e+00  1    2151.3776    2151.3776     748.3915     701.4931     701.4931     520.2874     442.1234     520.2874 6.508241e-01 6.508241e-01 2.170346e+00 1.666927e+00 1.453201e+00
  0.5000    40.0000 1.295600e+00 1.792252e+00  1    2139.2146    2139.2146     744.4028     697.4059     697.4059     518.2468     439.9186     518.2468 6.477999e-01 6.477999e-01 2.155296e+00 1.654428e+00 1.441875e+00
  0.5000    42.5000 1.289043e+00 1.779014e+00  1    2126.0720    2126.0720     740.0923     692.9899     692.9899     516.0511     437.5471     516.0511 6.445213e-01 6.445213e-01 2.138998e+00 1.640900e+00 1.429615e+00
  0.5000    45.0000 1.281949e+00 1.764738e+00  1    2111.9096    2111.9096     735.4466     688.2315     688.2315     513.6948     435.0031     513.6948 6.409745e-01 6.409745e-01 2.121396e+00 1.626299e+00 1.416381e+00
  0.5000    47.5000 1.274288e+00 1.749380e+00  1    2096.6825    2096.6825     730.4507     683.1159     683.1159     511.1717     432.2803     511.1717 6.371441e-01 6.371441e-01 2.102428e+00 1.610577e+00 1.402131e+00
  0.5000    50.0000 1.266025e+00 1.732894e+00  1    2080.3409    2080.3409     725.0882     677.6263     677.6263     508.4747     429.3716     508.4747 6.330126e-01 6.330126e-01 2.082028e+00 1.593682e+00 1.386817e+00
  0.5000    52.5000 1.257120e+00 1.715226e+00  1    2062.8288    2062.8288     719.3403     671.7442     671.7442     505.5955     426.2687     505.5955 6.285601e-01 6.285601e-01 2.060121e+00 1.575557e+00 1.370388e+00
  0.5000    55.0000 1.247528e+00 1.696319e+00  1    2044.0829    2044.0829     713.1860     665.4485     665.4485     502.5250     422.9624     502.5250 6.237640e-01 6.237640e-01 2.036622e+00 1.556136e+00 1.352786e+00
  0.5000    57.5000 1.237196e+00 1.676108e+00  1    2024.0309    2024.0309     706.6011     658.7149     658.7149     499.2521     419.4417     499.2521 6.185981e-01 6.185981e-01 2.011436e+00 1.535347e+00 1.333943e+00
  0.5000    60.0000 1.226064e+00 1.654519e+00  1    2002.5893    2002.5893     699.5578     651.5157     651.5157     495.7644     415.6942     495.7644 6.130322e-01 6.130322e-01 1.984453e+00 1.513106e+00 1.313786e+00
  0.5000    62.5000 1.214061e+00 1.631469e+00  1    1979.6610    1979.6610     692.0237     643.8186     643.8186     492.0469     411.7052     492.0469 6.070306e-01 6.070306e-01 1.955545e+00 1.489316e+00 1.292227e+00
  0.5000    65.0000 1.201102e+00 1.606861e+00  1    1955.1314    1955.1314     683.9604     635.5855     635.5855     488.0819     407.4571     488.0819 6.005512e-01 6.005512e-01 1.924564e+00 1.463862e+00 1.269163e+00
  0.5000    67.5000 1.187086e+00 1.580579e+00  1    1928.8638    1928.8638     675.3221     626.7708     626.7708     483.8478     402.9290     483.8478 5.935431e-01 5.935431e-01 1.891330e+00 1.436611e+00 1.244472e+00
  0.5000    70.0000 1.171889e+00 1.552490e+00  1    1900.6921    1900.6921     666.0533     617.3194     617.3194     479.3185     398.0954     479.3185 5.859445e-01 5.859445e-01 1.855628e+00 1.407397e+00 1.218006e+00
  0.5000    72.5000 1.155357e+00 1.522429e+00  1    1870.4119    1870.4119     656.0853     607.1633     607.1633     474.4610     392.9244     474.4610 5.776785e-01 5.776785e-01 1.817193e+00 1.376021e+00 1.189585e+00
  0.5000    75.0000 1.137295e+00 1.490198e+00  1    1837.7658    1837.7658     645.3316     596.2171     596.2171     469.2337     387.3761     469.2337 5.686477e-01 5.686477e-01 1.775691e+00 1.342230e+00 1.158980e+00
  0.5000    77.5000 1.117452e+00 1.455546e+00  1    1802.4221    1802.4221     633.6809     584.3706     584.3706     463.5822     381.3982     463.5822 5.587260e-01 5.587260e-01 1.730693e+00 1.305700e+00 1.125899e+00
  0.5000    80.0000 1.095489e+00 1.418155e+00  1    1763.9411    1763.9411     620.9851     571.4780     571.4780     457.4332     374.9214     457.4332 5.477445e-01 5.477445e-01 1.681630e+00 1.266001e+00 1.089954e+00
  0.5000    82.5000 1.070938e+00 1.377607e+00  1    1721.7177    1721.7177     607.0402     557.3387     557.3387     450.6847     367.8489     450.6847 5.354691e-01 5.354691e-01 1.627722e+00 1.222545e+00 1.050615e+00
  0.5000    85.0000 1.043118e+00 1.333333e+00  1    1674.8797    1674.8797     591.5518     541.6640     541.6640     443.1867     360.0403     443.1867 5.215590e-01 5.215590e-01 1.567844e+00 1.174487e+00 1.007119e+00
  0.5000    87.5000 1.010971e+00 1.284531e+00  1    1622.0875    1622.0875     574.0668     524.0104     524.0104     434.7045     351.2770     434.7045 5.054856e-01 5.054856e-01 1.500275e+00 1.120533e+00 9.583018e-01
  0.5000    90.0000 9.726981e-01 1.229992e+00  1    1561.0887    1561.0887     553.8222     503.6332     503.6332     424.8342     341.1859     424.8342 4.863491e-01 4.863491e-01 1.422129e+00 1.058523e+00 9.022169e-01
  0.5000    92.5000 9.247636e-01 1.167757e+00  1    1487.5234    1487.5234     529.3371     479.0931     479.0931     412.7707     329.0307     412.7707 4.623818e-01 4.623818e-01 1.327843e+00 9.843052e-01 8.351326e-01
  0.5000    95.0000 8.581395e-01 1.094225e+00  1    1390.4709    1390.4709     496.8901     446.7904     446.7904     396.4159     312.9163     396.4159 4.290698e-01 4.290698e-01 1.203568e+00 8.875996e-01 7.478232e-01
  0.5000    97.5000 7.226718e-01 1.001235e+00  1    1211.4311    1211.4311     436.4113     387.5099     387.5099     363.6208     282.1185     363.6208 3.613359e-01 3.613359e-01 9.760950e-01 7.146750e-01 5.922434e-01
  0.5000   100.0000 7.072902e-01 8.580226e-01  0       0.0000       0.0000       0.0000       0.0000       0.0000       0.0000       0.0000       0.0000 0.000000e+00 0.000000e+00 0.000000e+00 0.000000e+00 0.000000e+00
  0.5000   102.5000 2.558380e-01 4.208380e-01  1     751.5529     751.5529     269.7215     240.9157     240.9157     201.5831     153.5734     201.5831 1.279190e-01 1.279190e-01 4.595146e-01 3.691700e-01 2.920441e-01
  0.5000   105.0000 1.945157e-01 3.635881e-01  1     700.1552     700.1552     248.4734     225.8409     225.8409     163.2847     125.5638     163.2847 9.725787e-02 9.725787e-02 4.153556e-01 3.483083e-01 2.760856e-01
  0.5000   107.5000 1.478734e-01 3.333744e-01  1     657.6117     657.6117     230.5077     213.5520     213.5520     128.7397     100.4802     128.7397 7.393669e-02 7.393669e-02 3.815795e-01 3.334237e-01 2.652053e-01
  0.5000   110.0000 1.121734e-01 3.105293e-01  1     619.0627     619.0627     214.3537     202.3545     202.3545      98.7619      78.7631      98.7619 5.608670e-02 5.608670e-02 3.536430e-01 3.206736e-01 2.561157e-01
  0.5000   112.5000 8.525385e-02 2.909507e-01  1     582.0603     582.0603     199.3321     191.3641     191.3641      74.3371      61.0571      74.3371 4.262692e-02 4.262692e-02 3.294294e-01 3.081120e-01 2.471609e-01
  0.5000   115.0000 6.506499e-02 2.727634e-01  1     545.0987     545.0987     184.9488     180.0750     180.0750      55.3944      47.2714      55.3944 3.253249e-02 3.253249e-02 3.074387e-01 2.946753e-01 2.374368e-01
  0.5000   117.5000 4.978702e-02 2.548487e-01  1     507.1075     507.1075     170.7612     168.1732     168.1732      41.0501      36.7368      41.0501 2.489351e-02 2.489351e-02 2.864057e-01 2.797345e-01 2.264061e-01
  0.5000   120.0000 3.802077e-02 2.363736e-01  1     467.1679     467.1679     156.3538     155.4071     155.4071      30.2335      28.6556      30.2335 1.901038e-02 1.901038e-02 2.652255e-01 2.627909e-01 2.136408e-01
