# ZL+vMIT Phase Boundaries
# eta = 0.00
# eq_mode = fixed_yc
# ZL params: ZL_Constantinou
# vMIT params: B^1/4=180.0 MeV, a=0.2 fm^2
# Columns: Y_C T n_B_onset n_B_offset conv mu_p_H mu_n_H mu_u_Q mu_d_Q mu_s_Q mu_eL_H mu_eL_Q mu_eG n_p_H n_n_H n_u_Q n_d_Q n_s_Q
  0.0100     0.0000 4.171957e-01 1.785678e+00  1     931.4826    1170.5464     230.8063     469.8701     469.8701       0.0000       0.0000      98.2757 4.171957e-03 4.130237e-01 6.033277e-02 8.765866e-01 7.029927e-01
  0.0100     0.1000 4.171987e-01 1.785683e+00  1     931.4831    1170.5508     230.8051     469.8729     469.8729       0.0000       0.0000      98.2754 4.171987e-03 4.130267e-01 6.033241e-02 8.766129e-01 7.029639e-01
  0.0100     2.5000 4.159395e-01 1.785299e+00  1     929.3620    1168.7689     229.9850     469.3919     469.3919       0.0000       0.0000      97.9674 4.159395e-03 4.117801e-01 5.974644e-02 8.748407e-01 7.013416e-01
  0.0100     5.0000 4.120819e-01 1.784144e+00  1     922.9351    1163.3622     227.5027     467.9298     467.9298       0.0000       0.0000      97.0321 4.120819e-03 4.079610e-01 5.799912e-02 8.694507e-01 6.964075e-01
  0.0100     7.5000 4.062809e-01 1.782216e+00  1     913.4801    1155.3392     223.8737     465.7327     465.7327       0.0000       0.0000      95.5115 4.062809e-03 4.022181e-01 5.560289e-02 8.614513e-01 6.891018e-01
  0.0100    10.0000 3.988904e-01 1.779509e+00  1     901.7633    1145.3135     219.4043     462.9546     462.9546       0.0000       0.0000      93.4203 3.988904e-03 3.949015e-01 5.287475e-02 8.514872e-01 6.800270e-01
  0.0100    12.5000 3.900526e-01 1.776016e+00  1     888.1940    1133.6229     214.2550     459.6840     459.6840       0.0000       0.0000      90.7531 3.900526e-03 3.861521e-01 4.999061e-02 8.399453e-01 6.695465e-01
  0.0100    15.0000 3.798064e-01 1.771726e+00  1     873.0199    1120.4828     208.5190     455.9819     455.9819       0.0000       0.0000      87.4943 3.798064e-03 3.760083e-01 4.705773e-02 8.271054e-01 6.579244e-01
  0.0100    17.5000 3.681285e-01 1.766622e+00  1     856.4068    1106.0504     202.2544     451.8980     451.8980       0.0000       0.0000      83.6220 3.681285e-03 3.644472e-01 4.414497e-02 8.132031e-01 6.453836e-01
  0.0100    20.0000 3.549502e-01 1.760689e+00  1     838.4770    1090.4567     195.4991     447.4788     447.4788       0.0000       0.0000      79.1124 3.549502e-03 3.514007e-01 4.129732e-02 7.984620e-01 6.321363e-01
  0.0100    22.5000 3.401638e-01 1.753902e+00  1     819.3330    1073.8261     188.2799     442.7731     442.7731       0.0000       0.0000      73.9449 3.401638e-03 3.367622e-01 3.854402e-02 7.831143e-01 6.184018e-01
  0.0100    25.0000 3.236254e-01 1.746237e+00  1     799.0753    1056.2926     180.6194     437.8366     437.8366       0.0000       0.0000      68.1112 3.236254e-03 3.203891e-01 3.590389e-02 7.674153e-01 6.044203e-01
  0.0100    27.5000 3.051581e-01 1.737664e+00  1     777.8220    1038.0140     172.5433     432.7354     432.7354       0.0000       0.0000      61.6303 3.051581e-03 3.021065e-01 3.338968e-02 7.516544e-01 5.904628e-01
  0.0100    30.0000 2.845620e-01 1.728152e+00  1     755.7317    1019.1886     164.0916     427.5485     427.5485       0.0000       0.0000      54.5706 2.845620e-03 2.817164e-01 3.101249e-02 7.361615e-01 5.768356e-01
  0.0100    32.5000 2.616412e-01 1.717665e+00  1     733.0372    1000.0724     155.3340     422.3692     422.3692       0.0000       0.0000      47.0779 2.616412e-03 2.590248e-01 2.878691e-02 7.213057e-01 5.638791e-01
  0.0100    35.0000 2.362766e-01 1.706164e+00  1     710.0880     980.9956     146.3935     417.3010     417.3010       0.0000       0.0000      39.3953 2.362766e-03 2.339138e-01 2.673724e-02 7.074777e-01 5.519508e-01
  0.0100    37.5000 2.085939e-01 1.693608e+00  1     687.3896     962.3644     137.4716     412.4464     412.4464       0.0000       0.0000      31.8576 2.085939e-03 2.065079e-01 2.490304e-02 6.950417e-01 5.413810e-01
  0.0100    40.0000 1.792727e-01 1.679951e+00  1     665.5754     944.6077     128.8477     407.8800     407.8800       0.0000       0.0000      24.8524 1.792727e-03 1.774800e-01 2.333513e-02 6.842389e-01 5.323849e-01
  0.0100    42.5000 1.498501e-01 1.665144e+00  1     645.1777     928.0030     120.7841     403.6094     403.6094       0.0000       0.0000      18.7517 1.498501e-03 1.483516e-01 2.206170e-02 6.750522e-01 5.249406e-01
  0.0100    45.0000 1.224679e-01 1.649132e+00  1     626.1935     912.4289     113.3194     399.5548     399.5548       0.0000       0.0000      13.8077 1.224679e-03 1.212432e-01 2.102157e-02 6.671541e-01 5.187439e-01
  0.0100    47.5000 9.883370e-02 1.631855e+00  1     607.9110     897.3378     106.1614     395.5882     395.5882       0.0000       0.0000      10.0508 9.883370e-04 9.784536e-02 2.003461e-02 6.600704e-01 5.133592e-01
  0.0100    50.0000 7.947348e-02 1.613247e+00  1     589.3251     882.0619      98.8627     391.5996     391.5996       0.0000       0.0000       7.3113 7.947348e-04 7.867874e-02 1.886612e-02 6.534159e-01 5.084335e-01
  0.0100    52.5000 6.400301e-02 1.593231e+00  1     569.6259     866.0944      91.0525     387.5209     387.5209       0.0000       0.0000       5.3466 6.400301e-04 6.336298e-02 1.730550e-02 6.469673e-01 5.037618e-01
  0.0100    55.0000 5.171993e-02 1.571723e+00  1     548.3330     849.1369      82.5097     383.3136     383.3136       0.0000       0.0000       3.9387 5.171993e-04 5.120273e-02 1.518592e-02 6.406075e-01 4.992360e-01
  0.0100    57.5000 4.194331e-02 1.548623e+00  1     525.2146     831.0348      73.1315     378.9517     378.9517       0.0000       0.0000       2.9232 4.194331e-04 4.152388e-02 1.236510e-02 6.342654e-01 4.947896e-01
  0.0100    60.0000 3.411586e-02 1.523816e+00  1     500.1831     811.7096      62.8855     374.4121     374.4121       0.0000       0.0000       2.1840 3.411586e-04 3.377471e-02 8.700143e-03 6.278814e-01 4.903668e-01
  0.0100    62.5000 2.780636e-02 1.497166e+00  1     473.2214     791.1147      51.7760     369.6694     369.6694       0.0000       0.0000       1.6406 2.780636e-04 2.752829e-02 4.028057e-03 6.213931e-01 4.859091e-01
  0.0100    65.0000 2.268588e-02 1.468512e+00  1     444.3372     769.2086      39.8220     364.6933     364.6933       0.0000       0.0000       1.2376 2.268588e-04 2.245902e-02 -1.847885e-03 6.147278e-01 4.813493e-01
  0.0100    67.5000 1.850325e-02 1.437653e+00  1     413.5356     745.9378      27.0445     359.4466     359.4466       0.0000       0.0000       0.9360 1.850325e-04 1.831822e-02 -9.167847e-03 6.077977e-01 4.766067e-01
  0.0100    70.0000 1.506550e-02 1.404343e+00  1     380.7985     721.2235      13.4578     353.8829     353.8829       0.0000       0.0000       0.7087 1.506550e-04 1.491485e-02 -1.822337e-02 6.004943e-01 4.715829e-01
  0.0100    72.5000 1.222350e-02 1.368267e+00  1     346.0698     694.9501      -0.9368     347.9435     347.9435       0.0000       0.0000       0.5360 1.222350e-04 1.210126e-02 -2.936534e-02 5.926822e-01 4.661560e-01
  0.0100    75.0000 9.861706e-03 1.329016e+00  1     309.2446     666.9532     -16.1546     341.5539     341.5539       0.0000       0.0000       0.4041 9.861706e-05 9.763089e-03 -4.301253e-02 5.841896e-01 4.601726e-01
  0.0100    77.5000 7.891430e-03 1.286036e+00  1     270.1725     637.0142     -32.2231     334.6186     334.6186       0.0000       0.0000       0.3028 7.891430e-05 7.812516e-03 -5.965603e-02 5.747965e-01 4.534378e-01
  0.0100    80.0000 6.247725e-03 1.238549e+00  1     228.7251     604.8881     -49.1460     327.0170     327.0170       0.0000       0.0000       0.2250 6.247725e-05 6.185248e-03 -7.982841e-02 5.642231e-01 4.457055e-01
  0.0100    82.5000 4.892434e-03 1.185398e+00  1     185.1175     570.4810     -66.7486     318.6148     318.6148       0.0000       0.0000       0.1657 4.892434e-05 4.843509e-03 -1.038957e-01 5.521493e-01 4.366969e-01
  0.0100    85.0000 3.826029e-03 1.124734e+00  1     141.0019     534.5300     -84.1754     309.3527     309.3527       0.0000       0.0000       0.1221 3.826029e-05 3.787768e-03 -1.312082e-01 5.383926e-01 4.262575e-01
  0.0100    87.5000 3.084708e-03 1.053247e+00  1     101.1306     499.8012     -99.1800     299.4906     299.4906       0.0000       0.0000       0.0929 3.084708e-05 3.053861e-03 -1.584085e-01 5.234325e-01 4.148179e-01
  0.0100    90.0000 2.659930e-03 9.638117e-01  1      70.8259     469.8320    -109.3934     289.6127     289.6127       0.0000       0.0000       0.0757 2.659930e-05 2.633331e-03 -1.805726e-01 5.084862e-01 4.034499e-01
  0.0100    92.5000 2.453718e-03 8.339083e-01  1      50.2698     445.1787    -114.8797     280.0292     280.0292       0.0000       0.0000       0.0661 2.453718e-05 2.429181e-03 -1.961390e-01 4.942609e-01 3.927670e-01
  0.0100    95.0000 2.367584e-03 5.202576e-01  1      36.4959     424.2404    -117.0829     270.6616     270.6616       0.0000       0.0000       0.0605 2.367584e-05 2.343908e-03 -2.065084e-01 4.806346e-01 3.826527e-01
  0.0100    97.5000 2.343957e-03 4.223440e-01  1      26.9657     405.4970    -117.1885     261.3427     261.3427       0.0000       0.0000       0.0568 2.343957e-05 2.320518e-03 -2.132684e-01 4.672651e-01 3.728009e-01
  0.0100   100.0000 2.352780e-03 3.810951e-01  1      20.1205     387.9630    -115.9073     251.9352     251.9352       0.0000       0.0000       0.0542 2.352780e-05 2.329252e-03 -2.174590e-01 4.538529e-01 3.629449e-01
  0.0100   102.5000 2.377441e-03 3.563096e-01  1      15.0428     371.0240    -113.6461     242.3351     242.3351       0.0000       0.0000       0.0522 2.377441e-05 2.353667e-03 -2.196870e-01 4.401581e-01 3.528722e-01
  0.0100   105.0000 2.407744e-03 3.375072e-01  1      11.1785     354.2764    -110.6398     232.4581     232.4581       0.0000       0.0000       0.0503 2.407744e-05 2.383667e-03 -2.202892e-01 4.259757e-01 3.424014e-01
  0.0100   107.5000 2.436624e-03 3.216613e-01  1       8.1788     337.4311    -107.0245     222.2278     222.2278       0.0000       0.0000       0.0486 2.436624e-05 2.412258e-03 -2.194340e-01 4.111113e-01 3.313616e-01
  0.0100   110.0000 2.458551e-03 3.071935e-01  1       5.8161     320.2576    -102.8751     211.5664     211.5664       0.0000       0.0000       0.0468 2.458551e-05 2.433966e-03 -2.171772e-01 3.953623e-01 3.195752e-01
  0.0100   112.5000 2.468652e-03 2.931149e-01  1       3.9368     302.5491     -98.2252     200.3871     200.3871       0.0000       0.0000       0.0450 2.468652e-05 2.443965e-03 -2.134891e-01 3.785008e-01 3.068436e-01
  0.0100   115.0000 2.462144e-03 2.787219e-01  1       2.4352     284.0958     -93.0751     188.5855     188.5855       0.0000       0.0000       0.0429 2.462144e-05 2.437522e-03 -2.082642e-01 3.602541e-01 2.929301e-01
  0.0100   117.5000 2.433856e-03 2.634397e-01  1       1.2377     264.6603     -87.3950     176.0276     176.0276       0.0000       0.0000       0.0406 2.433856e-05 2.409518e-03 -2.013169e-01 3.402789e-01 2.775384e-01
  0.0100   120.0000 2.377684e-03 2.467137e-01  1       0.2934     243.9450     -81.1194     162.5322     162.5322       0.0000       0.0000       0.0381 2.377684e-05 2.353907e-03 -1.923614e-01 3.181200e-01 2.602772e-01
  0.1000     0.0000 4.768688e-01 1.828990e+00  1     997.3940    1223.9163     256.9572     483.4796     483.4796       0.0000       0.0000     221.3745 4.768688e-02 4.291819e-01 8.613127e-02 9.320377e-01 7.545942e-01
  0.1000     0.1000 4.768732e-01 1.828994e+00  1     997.3969    1223.9230     256.9569     483.4831     483.4831       0.0000       0.0000     221.3749 4.768732e-02 4.291859e-01 8.613178e-02 9.320684e-01 7.545657e-01
  0.1000     2.5000 4.766368e-01 1.828619e+00  1     997.0066    1223.5181     256.8317     483.3432     483.3432       0.0000       0.0000     221.2456 4.766368e-02 4.289731e-01 8.615132e-02 9.316585e-01 7.542070e-01
  0.1000     5.0000 4.758774e-01 1.827491e+00  1     995.7525    1222.2311     256.4246     482.9033     482.9033       0.0000       0.0000     220.8491 4.758774e-02 4.282897e-01 8.617771e-02 9.303451e-01 7.530530e-01
  0.1000     7.5000 4.744838e-01 1.825608e+00  1     993.4549    1219.9043     255.6685     482.1179     482.1179       0.0000       0.0000     220.1674 4.744838e-02 4.270354e-01 8.614159e-02 9.279413e-01 7.509302e-01
  0.1000    10.0000 4.723917e-01 1.822964e+00  1     990.0257    1216.4530     254.5328     480.9601     480.9601       0.0000       0.0000     219.1887 4.723917e-02 4.251525e-01 8.601457e-02 9.243381e-01 7.477374e-01
  0.1000    12.5000 4.695940e-01 1.819554e+00  1     985.4812    1211.8800     253.0275     479.4263     479.4263       0.0000       0.0000     217.9091 4.695940e-02 4.226346e-01 8.581193e-02 9.195268e-01 7.434682e-01
  0.1000    15.0000 4.661032e-01 1.815365e+00  1     979.8747    1206.2203     251.1763     477.5220     477.5220       0.0000       0.0000     216.3269 4.661032e-02 4.194929e-01 8.556289e-02 9.135398e-01 7.381543e-01
  0.1000    17.5000 4.619312e-01 1.810384e+00  1     973.2618    1199.5119     249.0039     475.2540     475.2540       0.0000       0.0000     214.4395 4.619312e-02 4.157381e-01 8.529602e-02 9.064179e-01 7.318358e-01
  0.1000    20.0000 4.570830e-01 1.804595e+00  1     965.6902    1191.7869     246.5312     472.6278     472.6278       0.0000       0.0000     212.2421 4.570830e-02 4.113747e-01 8.503462e-02 8.982001e-01 7.245516e-01
  0.1000    22.5000 4.515535e-01 1.797976e+00  1     957.1963    1183.0690     243.7745     469.6472     469.6472       0.0000       0.0000     209.7277 4.515535e-02 4.063981e-01 8.479557e-02 8.889212e-01 7.163371e-01
  0.1000    25.0000 4.453272e-01 1.790504e+00  1     947.8057    1173.3738     240.7459     466.3140     466.3140       0.0000       0.0000     206.8861 4.453272e-02 4.007945e-01 8.458909e-02 8.786116e-01 7.072242e-01
  0.1000    27.5000 4.383775e-01 1.782151e+00  1     937.5334    1162.7097     237.4524     462.6286     462.6286       0.0000       0.0000     203.7038 4.383775e-02 3.945397e-01 8.441896e-02 8.672998e-01 6.972433e-01
  0.1000    30.0000 4.306657e-01 1.772888e+00  1     926.3849    1151.0785     233.8971     458.5907     458.5907       0.0000       0.0000     200.1640 4.306657e-02 3.875991e-01 8.428264e-02 8.550141e-01 6.864253e-01
  0.1000    32.5000 4.221409e-01 1.762681e+00  1     914.3571    1138.4778     230.0788     454.1995     454.1995       0.0000       0.0000     196.2455 4.221409e-02 3.799268e-01 8.417144e-02 8.417855e-01 6.748038e-01
  0.1000    35.0000 4.127394e-01 1.751496e+00  1     901.4395    1124.9017     225.9924     449.4546     449.4546       0.0000       0.0000     191.9223 4.127394e-02 3.714654e-01 8.407067e-02 8.276507e-01 6.624184e-01
  0.1000    37.5000 4.023830e-01 1.739292e+00  1     887.6150    1110.3434     221.6289     444.3572     444.3572       0.0000       0.0000     187.1627 4.023830e-02 3.621447e-01 8.395964e-02 8.126561e-01 6.493176e-01
  0.1000    40.0000 3.909788e-01 1.726029e+00  1     872.8620    1094.7975     216.9755     438.9110     438.9110       0.0000       0.0000     181.9280 3.909788e-02 3.518809e-01 8.381182e-02 7.968622e-01 6.355634e-01
  0.1000    42.5000 3.784181e-01 1.711662e+00  1     857.1561    1078.2639     212.0161     433.1239     433.1239       0.0000       0.0000     176.1716 3.784181e-02 3.405763e-01 8.359498e-02 7.803487e-01 6.212354e-01
  0.1000    45.0000 3.645763e-01 1.696140e+00  1     840.4740    1060.7520     206.7320     427.0100     427.0100       0.0000       0.0000     169.8369 3.645763e-02 3.281187e-01 8.327182e-02 7.632215e-01 6.064368e-01
  0.1000    47.5000 3.493144e-01 1.679409e+00  1     822.7985    1042.2872     201.1033     420.5919     420.5919       0.0000       0.0000     162.8559 3.493144e-02 3.143829e-01 8.280104e-02 7.456194e-01 5.913007e-01
  0.1000    50.0000 3.324830e-01 1.661409e+00  1     804.1262    1022.9190     195.1112     413.9039     413.9039       0.0000       0.0000     155.1482 3.324830e-02 2.992347e-01 8.213966e-02 7.277214e-01 5.759954e-01
  0.1000    52.5000 3.139332e-01 1.642073e+00  1     784.4795    1002.7310     188.7427     406.9942     406.9942       0.0000       0.0000     146.6208 3.139332e-02 2.825399e-01 8.124704e-02 7.097523e-01 5.607294e-01
  0.1000    55.0000 2.935366e-01 1.621326e+00  1     763.9227     981.8520     181.9978     399.9271     399.9271       0.0000       0.0000     137.1726 2.935366e-02 2.641830e-01 8.009156e-02 6.919835e-01 5.457511e-01
  0.1000    57.5000 2.712254e-01 1.599080e+00  1     742.5839     960.4663     174.9005     392.7829     392.7829       0.0000       0.0000     126.7072 2.712254e-02 2.441029e-01 7.866053e-02 6.747248e-01 5.313401e-01
  0.1000    60.0000 2.470612e-01 1.575237e+00  1     720.6783     938.8182     167.5128     385.6527     385.6527       0.0000       0.0000     115.1643 2.470612e-02 2.223550e-01 7.697300e-02 6.582991e-01 5.177846e-01
  0.1000    62.5000 2.213440e-01 1.549680e+00  1     698.5224     917.2011     159.9479     378.6266     378.6266       0.0000       0.0000     102.5826 2.213440e-02 1.992096e-01 7.509147e-02 6.429962e-01 5.053384e-01
  0.1000    65.0000 1.947394e-01 1.522271e+00  1     676.5100     895.9151     152.3683     371.7734     371.7734       0.0000       0.0000      89.2011 1.947394e-02 1.752654e-01 7.312082e-02 6.290037e-01 4.941606e-01
  0.1000    67.5000 1.683239e-01 1.492844e+00  1     655.0109     875.1811     144.9469     365.1171     365.1171       0.0000       0.0000      75.5511 1.683239e-02 1.514915e-01 7.117608e-02 6.163398e-01 4.842561e-01
  0.1000    70.0000 1.433886e-01 1.461197e+00  1     634.2032     855.0406     137.7886     358.6260     358.6260       0.0000       0.0000      62.4147 1.433886e-02 1.290498e-01 6.931574e-02 6.048377e-01 4.754643e-01
  0.1000    72.5000 1.210073e-01 1.427078e+00  1     613.9597     835.3208     130.8662     352.2273     352.2273       0.0000       0.0000      50.5669 1.210073e-02 1.089066e-01 6.748455e-02 5.942171e-01 4.675247e-01
  0.1000    75.0000 1.016986e-01 1.390163e+00  1     593.9104     815.7127     124.0360     345.8384     345.8384       0.0000       0.0000      40.4759 1.016986e-02 9.152874e-02 6.552176e-02 5.841933e-01 4.601759e-01
  0.1000    77.5000 8.543755e-02 1.350032e+00  1     573.6151     795.8921     117.1127     339.3897     339.3897       0.0000       0.0000      32.2215 8.543755e-03 7.689380e-02 6.322133e-02 5.745433e-01 4.532129e-01
  0.1000    80.0000 7.188729e-02 1.306113e+00  1     552.6944     775.5905     109.9327     332.8289     332.8289       0.0000       0.0000      25.6227 7.188729e-03 6.469856e-02 6.038473e-02 5.651084e-01 4.464900e-01
  0.1000    82.5000 6.061405e-02 1.257597e+00  1     530.8674     754.6071     102.3759     326.1156     326.1156       0.0000       0.0000      20.3999 6.061405e-03 5.455264e-02 5.684019e-02 5.557711e-01 4.398987e-01
  0.1000    85.0000 5.120367e-02 1.203275e+00  1     507.9376     732.7913      94.3613     319.2150     319.2150       0.0000       0.0000      16.2742 5.120367e-03 4.608330e-02 5.243891e-02 5.464322e-01 4.333478e-01
  0.1000    87.5000 4.330337e-02 1.141189e+00  1     483.7626     710.0202      85.8350     312.0926     312.0926       0.0000       0.0000      13.0071 4.330337e-03 3.897303e-02 4.704332e-02 5.369963e-01 4.267498e-01
  0.1000    90.0000 3.662704e-02 1.067772e+00  1     458.2270     686.1802      76.7579     304.7111     304.7111       0.0000       0.0000      10.4082 3.662704e-03 3.296434e-02 4.051483e-02 5.273624e-01 4.200132e-01
  0.1000    92.5000 3.094731e-02 9.750678e-01  1     431.2212     661.1522      67.0967     297.0277     297.0277       0.0000       0.0000       8.3297 3.094731e-03 2.785258e-02 3.270299e-02 5.174184e-01 4.130370e-01
  0.1000    95.0000 2.608471e-02 8.350266e-01  1     402.6257     634.7997      56.8172     288.9913     288.9913       0.0000       0.0000       6.6584 2.608471e-03 2.347624e-02 2.343624e-02 5.070342e-01 4.057053e-01
  0.1000    97.5000 2.189784e-02 4.697753e-01  1     372.2986     606.9579      45.8798     280.5391     280.5391       0.0000       0.0000       5.3077 2.189784e-03 1.970806e-02 1.251374e-02 4.960563e-01 3.978823e-01
  0.1000   100.0000 1.827565e-02 4.032757e-01  1     340.0696     577.4239      34.2384     271.5927     271.5927       0.0000       0.0000       4.2116 1.827565e-03 1.644809e-02 -3.001648e-04 4.842977e-01 3.894038e-01
  0.1000   102.5000 1.513209e-02 3.656556e-01  1     305.7464     545.9520      21.8469     262.0525     262.0525       0.0000       0.0000       3.3194 1.513209e-03 1.361888e-02 -1.527272e-02 4.715262e-01 3.800674e-01
  0.1000   105.0000 1.240368e-02 3.431095e-01  1     269.1617     512.2676       8.6853     251.7912     251.7912       0.0000       0.0000       2.5929 1.240368e-03 1.116331e-02 -3.266923e-02 4.574490e-01 3.696197e-01
  0.1000   107.5000 1.005080e-02 3.252414e-01  1     230.3358     476.1473      -5.1585     240.6529     240.6529       0.0000       0.0000       2.0046 1.005080e-03 9.045720e-03 -5.262501e-02 4.417043e-01 3.577494e-01
  0.1000   110.0000 8.063313e-03 3.095858e-01  1     189.9184     437.6764     -19.2799     228.4781     228.4781       0.0000       0.0000       1.5359 8.063313e-04 7.256981e-03 -7.477111e-02 4.238969e-01 3.441193e-01
  0.1000   112.5000 6.461778e-03 2.947752e-01  1     149.9787     397.7849     -32.6091     215.1970     215.1970       0.0000       0.0000       1.1768 6.461778e-04 5.815600e-03 -9.749160e-02 4.037670e-01 3.285122e-01
  0.1000   115.0000 5.264052e-03 2.799117e-01  1     114.1272     358.5025     -43.4160     200.9593     200.9593       0.0000       0.0000       0.9174 5.264052e-04 4.737647e-03 -1.175761e-01 3.814589e-01 3.110593e-01
  0.1000   117.5000 4.421058e-03 2.643134e-01  1      85.2525     321.6810     -50.3920     186.0365     186.0365       0.0000       0.0000       0.7381 4.421058e-04 3.978952e-03 -1.319191e-01 3.573900e-01 2.921213e-01
  0.1000   120.0000 3.821418e-03 2.473655e-01  1      63.4632     287.4832     -53.5189     170.5011     170.5011       0.0000       0.0000       0.6117 3.821418e-04 3.439276e-03 -1.394849e-01 3.316369e-01 2.717604e-01
  0.2000     0.0000 5.521637e-01 1.864410e+00  1    1073.2881    1288.3583     286.0726     501.1428     501.1428       0.0000       0.0000     292.8825 1.104327e-01 4.417310e-01 1.204705e-01 1.006025e+00 8.236836e-01
  0.2000     0.1000 5.521686e-01 1.864415e+00  1    1073.2917    1288.3659     286.0725     501.1467     501.1467       0.0000       0.0000     292.8831 1.104337e-01 4.417348e-01 1.204713e-01 1.006059e+00 8.236536e-01
  0.2000     2.5000 5.520176e-01 1.864048e+00  1    1073.0457    1288.0792     286.0041     501.0375     501.0375       0.0000       0.0000     292.7863 1.104035e-01 4.416141e-01 1.205550e-01 1.005760e+00 8.233961e-01
  0.2000     5.0000 5.515544e-01 1.862943e+00  1    1072.2914    1287.2033     285.7932     500.7051     500.7051       0.0000       0.0000     292.4937 1.103109e-01 4.412435e-01 1.208001e-01 1.004841e+00 8.226046e-01
  0.2000     7.5000 5.507462e-01 1.861098e+00  1    1070.9765    1285.6891     285.4213     500.1339     500.1339       0.0000       0.0000     291.9992 1.101492e-01 4.405970e-01 1.211840e-01 1.003237e+00 8.212180e-01
  0.2000    10.0000 5.495450e-01 1.858510e+00  1    1069.0264    1283.4645     284.8628     499.3009     499.3009       0.0000       0.0000     291.2936 1.099090e-01 4.396360e-01 1.216758e-01 1.000851e+00 8.191452e-01
  0.2000    12.5000 5.479092e-01 1.855170e+00  1    1066.3808    1280.4679     284.0979     498.1850     498.1850       0.0000       0.0000     290.3686 1.095818e-01 4.383274e-01 1.222532e-01 9.975939e-01 8.163045e-01
  0.2000    15.0000 5.458132e-01 1.851070e+00  1    1063.0086    1276.6618     283.1185     496.7716     496.7716       0.0000       0.0000     289.2182 1.091626e-01 4.366506e-01 1.229082e-01 9.934078e-01 8.126423e-01
  0.2000    17.5000 5.432431e-01 1.846195e+00  1    1058.9015    1272.0280     281.9250     495.0515     495.0515       0.0000       0.0000     287.8380 1.086486e-01 4.345945e-01 1.236434e-01 9.882586e-01 8.081282e-01
  0.2000    20.0000 5.401905e-01 1.840530e+00  1    1054.0626    1266.5584     280.5223     493.0181     493.0181       0.0000       0.0000     286.2243 1.080381e-01 4.321524e-01 1.244664e-01 9.821273e-01 8.027458e-01
  0.2000    22.5000 5.366473e-01 1.834056e+00  1    1048.4989    1260.2483     278.9165     490.6659     490.6659       0.0000       0.0000     284.3729 1.073295e-01 4.293178e-01 1.253854e-01 9.750011e-01 7.964855e-01
  0.2000    25.0000 5.326025e-01 1.826749e+00  1    1042.2166    1253.0921     277.1137     487.9892     487.9892       0.0000       0.0000     282.2784 1.065205e-01 4.260820e-01 1.264076e-01 9.668697e-01 7.893400e-01
  0.2000    27.5000 5.280408e-01 1.818585e+00  1    1035.2180    1245.0812     275.1183     484.9815     484.9815       0.0000       0.0000     279.9343 1.056082e-01 4.224326e-01 1.275370e-01 9.577224e-01 7.813022e-01
  0.2000    30.0000 5.229406e-01 1.809534e+00  1    1027.5010    1236.2033     272.9329     481.6352     481.6352       0.0000       0.0000     277.3321 1.045881e-01 4.183525e-01 1.287745e-01 9.475477e-01 7.723647e-01
  0.2000    32.5000 5.172739e-01 1.799567e+00  1    1019.0579    1226.4413     270.5582     477.9416     477.9416       0.0000       0.0000     274.4612 1.034548e-01 4.138191e-01 1.301169e-01 9.363327e-01 7.625193e-01
  0.2000    35.0000 5.110051e-01 1.788649e+00  1    1009.8749    1215.7731     267.9922     473.8905     473.8905       0.0000       0.0000     271.3088 1.022010e-01 4.088041e-01 1.315566e-01 9.240634e-01 7.517573e-01
  0.2000    37.5000 5.040904e-01 1.776745e+00  1     999.9317    1204.1717     265.2306     469.4706     469.4706       0.0000       0.0000     267.8592 1.008181e-01 4.032723e-01 1.330816e-01 9.107254e-01 7.400701e-01
  0.2000    40.0000 4.964762e-01 1.763816e+00  1     989.2013    1191.6046     262.2660     464.6693     464.6693       0.0000       0.0000     264.0933 9.929524e-02 3.971810e-01 1.346745e-01 8.963047e-01 7.274500e-01
  0.2000    42.5000 4.880983e-01 1.749819e+00  1     977.6492    1178.0342     259.0881     459.4730     459.4730       0.0000       0.0000     259.9879 9.761967e-02 3.904787e-01 1.363124e-01 8.807886e-01 7.138911e-01
  0.2000    45.0000 4.788800e-01 1.734708e+00  1     965.2334    1163.4175     255.6831     453.8672     453.8672       0.0000       0.0000     255.5149 9.577599e-02 3.831040e-01 1.379659e-01 8.641679e-01 6.993913e-01
  0.2000    47.5000 4.687297e-01 1.718434e+00  1     951.9031    1147.7069     252.0331     447.8369     447.8369       0.0000       0.0000     250.6402 9.374595e-02 3.749838e-01 1.395981e-01 8.464393e-01 6.839544e-01
  0.2000    50.0000 4.575396e-01 1.700943e+00  1     937.5993    1130.8509     248.1159     441.3675     441.3675       0.0000       0.0000     245.3220 9.150792e-02 3.660317e-01 1.411635e-01 8.276090e-01 6.675937e-01
  0.2000    52.5000 4.451823e-01 1.682172e+00  1     922.2541    1112.7963     243.9040     434.4461     434.4461       0.0000       0.0000     239.5088 8.903646e-02 3.561458e-01 1.426065e-01 8.076986e-01 6.503371e-01
  0.2000    55.0000 4.315097e-01 1.662054e+00  1     905.7925    1093.4915     239.3645     427.0635     427.0635       0.0000       0.0000     233.1376 8.630193e-02 3.452077e-01 1.438603e-01 7.867529e-01 6.322341e-01
  0.2000    57.5000 4.163515e-01 1.640511e+00  1     888.1348    1072.8929     234.4589     419.2170     419.2170       0.0000       0.0000     226.1305 8.327031e-02 3.330812e-01 1.448456e-01 7.648510e-01 6.133656e-01
  0.2000    60.0000 3.995180e-01 1.617456e+00  1     869.2028    1050.9744     229.1437     410.9153     410.9153       0.0000       0.0000     218.3920 7.990359e-02 3.196144e-01 1.454707e-01 7.421208e-01 5.938571e-01
  0.2000    62.5000 3.808064e-01 1.592785e+00  1     848.9304    1027.7425     223.3728     402.1848     402.1848       0.0000       0.0000     209.8062 7.616129e-02 3.046451e-01 1.456337e-01 7.187576e-01 5.738945e-01
  0.2000    65.0000 3.600188e-01 1.566379e+00  1     827.2815    1003.2562     217.1023     393.0769     393.0769       0.0000       0.0000     200.2355 7.200376e-02 2.880150e-01 1.452293e-01 6.950430e-01 5.537397e-01
  0.2000    67.5000 3.369932e-01 1.538094e+00  1     804.2763     977.6521     210.3002     383.6760     383.6760       0.0000       0.0000     189.5232 6.739863e-02 2.695945e-01 1.441619e-01 6.713581e-01 5.337414e-01
  0.2000    70.0000 3.116569e-01 1.507760e+00  1     780.0249     951.1671     202.9609     374.1031     374.1031       0.0000       0.0000     177.5049 6.233137e-02 2.493255e-01 1.423684e-01 6.481791e-01 5.143282e-01
  0.2000    72.5000 2.841035e-01 1.475165e+00  1     754.7613     924.1472     195.1251     364.5111     364.5111       0.0000       0.0000     164.0359 5.682069e-02 2.272828e-01 1.398477e-01 6.260377e-01 4.959724e-01
  0.2000    75.0000 2.546911e-01 1.440043e+00  1     728.8616     897.0261     186.8990     355.0636     355.0636       0.0000       0.0000     149.0460 5.093823e-02 2.037529e-01 1.366915e-01 6.054377e-01 4.791128e-01
  0.2000    77.5000 2.241408e-01 1.402055e+00  1     702.8202     870.2593     178.4603     345.8995     345.8995       0.0000       0.0000     132.6357 4.482817e-02 1.793127e-01 1.330940e-01 5.867354e-01 4.640502e-01
  0.2000    80.0000 1.935742e-01 1.360754e+00  1     677.1568     844.2168     170.0323     337.0923     337.0923       0.0000       0.0000     115.2014 3.871484e-02 1.548593e-01 1.293182e-01 5.700309e-01 4.508538e-01
  0.2000    82.5000 1.643806e-01 1.315528e+00  1     652.2526     819.0665     161.8129     328.6268     328.6268       0.0000       0.0000      97.5148 3.287612e-02 1.315045e-01 1.256010e-01 5.551364e-01 4.393375e-01
  0.2000    85.0000 1.378563e-01 1.265503e+00  1     628.1887     794.7137     153.8879     320.4129     320.4129       0.0000       0.0000      80.6044 2.757125e-02 1.102850e-01 1.220370e-01 5.416615e-01 4.291392e-01
  0.2000    87.5000 1.147989e-01 1.209352e+00  1     604.7195     770.8522     146.1956     312.3283     312.3283       0.0000       0.0000      65.4114 2.295978e-02 9.183910e-02 1.185277e-01 5.291683e-01 4.198600e-01
  0.2000    90.0000 9.537062e-02 1.144881e+00  1     581.4076     747.0930     138.5741     304.2595     304.2595       0.0000       0.0000      52.4672 1.907412e-02 7.629650e-02 1.148381e-01 5.172877e-01 4.111657e-01
  0.2000    92.5000 7.927156e-02 1.067949e+00  1     557.7958     723.0726     130.8397     296.1165     296.1165       0.0000       0.0000      41.8399 1.585431e-02 6.341725e-02 1.106936e-01 5.057470e-01 4.028095e-01
  0.2000    95.0000 6.600167e-02 9.686658e-01  1     533.5011     698.4949     122.8358     287.8296     287.8296       0.0000       0.0000      33.2972 1.320033e-02 5.280134e-02 1.058423e-01 4.943421e-01 3.946073e-01
  0.2000    97.5000 5.504269e-02 8.026830e-01  1     508.2278     673.1229     114.4442     279.3393     279.3393       0.0000       0.0000      26.4928 1.100854e-02 4.403415e-02 1.000707e-01 4.829032e-01 3.864059e-01
  0.2000   100.0000 4.593969e-02 4.309397e-01  1     481.7425     646.7538     105.5771     270.5883     270.5883       0.0000       0.0000      21.0821 9.187938e-03 3.675175e-02 9.319200e-02 4.712702e-01 3.780616e-01
  0.2000   102.5000 3.832165e-02 3.773729e-01  1     453.8424     619.1939      96.1637     261.5151     261.5151       0.0000       0.0000      16.7686 7.664330e-03 3.065732e-02 8.502834e-02 4.592763e-01 3.694259e-01
  0.2000   105.0000 3.189586e-02 3.493738e-01  1     424.3262     590.2363      86.1387     252.0488     252.0488       0.0000       0.0000      13.3145 6.379171e-03 2.551668e-02 7.539282e-02 4.467366e-01 3.603352e-01
  0.2000   107.5000 2.643463e-02 3.288832e-01  1     392.9705     559.6401      75.4336     242.1033     242.1033       0.0000       0.0000      10.5345 5.286926e-03 2.114770e-02 6.407446e-02 4.334356e-01 3.506002e-01
  0.2000   110.0000 2.176204e-02 3.117704e-01  1     359.5120     527.1107      63.9711     231.5698     231.5698       0.0000       0.0000       8.2860 4.352408e-03 1.740963e-02 5.082682e-02 4.191107e-01 3.399918e-01
  0.2000   112.5000 1.774332e-02 2.960888e-01  1     323.6397     492.2781      51.6671     220.3055     220.3055       0.0000       0.0000       6.4605 3.548665e-03 1.419466e-02 3.536660e-02 4.034287e-01 3.282213e-01
  0.2000   115.0000 1.427803e-02 2.806758e-01  1     285.0217     454.6862      38.4524     208.1169     208.1169       0.0000       0.0000       4.9759 2.855606e-03 1.142242e-02 1.740509e-02 3.859468e-01 3.149071e-01
  0.2000   117.5000 1.129800e-02 2.647128e-01  1     243.4426     413.8285      24.3522     194.7381     194.7381       0.0000       0.0000       3.7719 2.259601e-03 9.038404e-03 -3.213504e-03 3.660584e-01 2.995300e-01
  0.2000   120.0000 8.771209e-03 2.475119e-01  1     199.2558     369.3566       9.7183     179.8191     179.8191       0.0000       0.0000       2.8077 1.754242e-03 7.016967e-03 -2.606743e-02 3.429403e-01 2.813892e-01
  0.3000     0.0000 6.555289e-01 1.887359e+00  1    1178.2889    1381.2179     325.1200     528.0489     528.0489       0.0000       0.0000     355.0027 1.966587e-01 4.588703e-01 1.755473e-01 1.122753e+00 9.331673e-01
  0.3000     0.1000 6.555346e-01 1.887364e+00  1    1178.2937    1381.2269     325.1202     528.0533     528.0533       0.0000       0.0000     355.0035 1.966604e-01 4.588742e-01 1.755487e-01 1.122793e+00 9.331348e-01
  0.3000     2.5000 6.554131e-01 1.887003e+00  1    1178.0985    1380.9815     325.0718     527.9549     527.9549       0.0000       0.0000     354.9237 1.966239e-01 4.587892e-01 1.756685e-01 1.122516e+00 9.328959e-01
  0.3000     5.0000 6.550451e-01 1.885915e+00  1    1177.5071    1380.2394     324.9250     527.6572     527.6572       0.0000       0.0000     354.6834 1.965135e-01 4.585316e-01 1.760261e-01 1.121676e+00 9.321712e-01
  0.3000     7.5000 6.544195e-01 1.884100e+00  1    1176.5023    1378.9829     324.6739     527.1545     527.1545       0.0000       0.0000     354.2806 1.963258e-01 4.580936e-01 1.766132e-01 1.120247e+00 9.309362e-01
  0.3000    10.0000 6.535156e-01 1.881553e+00  1    1175.0518    1377.1790     324.3082     526.4354     526.4354       0.0000       0.0000     353.7111 1.960547e-01 4.574609e-01 1.774150e-01 1.118179e+00 9.291448e-01
  0.3000    12.5000 6.523072e-01 1.878268e+00  1    1173.1148    1374.7852     323.8148     525.4852     525.4852       0.0000       0.0000     352.9696 1.956921e-01 4.566150e-01 1.784139e-01 1.115408e+00 9.267367e-01
  0.3000    15.0000 6.507684e-01 1.874234e+00  1    1170.6532    1371.7593     323.1824     524.2885     524.2885       0.0000       0.0000     352.0510 1.952305e-01 4.555379e-01 1.795951e-01 1.111868e+00 9.236499e-01
  0.3000    17.5000 6.488775e-01 1.869439e+00  1    1167.6372    1368.0654     322.4030     522.8312     522.8312       0.0000       0.0000     350.9501 1.946632e-01 4.542142e-01 1.809494e-01 1.107499e+00 9.198300e-01
  0.3000    20.0000 6.466170e-01 1.863868e+00  1    1164.0463    1363.6751     321.4725     521.1013     521.1013       0.0000       0.0000     349.6628 1.939851e-01 4.526319e-01 1.824732e-01 1.102252e+00 9.152317e-01
  0.3000    22.5000 6.439720e-01 1.857502e+00  1    1159.8669    1358.5656     320.3894     519.0881     519.0881       0.0000       0.0000     348.1849 1.931916e-01 4.507804e-01 1.841669e-01 1.096087e+00 9.098181e-01
  0.3000    25.0000 6.409283e-01 1.850320e+00  1    1155.0889    1352.7168     319.1536     516.7816     516.7816       0.0000       0.0000     346.5121 1.922785e-01 4.486498e-01 1.860327e-01 1.088967e+00 9.035576e-01
  0.3000    27.5000 6.374701e-01 1.842297e+00  1    1149.7033    1346.1094     317.7658     514.1718     514.1718       0.0000       0.0000     344.6395 1.912410e-01 4.462291e-01 1.880726e-01 1.080860e+00 8.964215e-01
  0.3000    30.0000 6.335794e-01 1.833405e+00  1    1143.7002    1338.7227     316.2259     511.2484     511.2484       0.0000       0.0000     342.5614 1.900738e-01 4.435056e-01 1.902877e-01 1.071734e+00 8.883825e-01
  0.3000    32.5000 6.292343e-01 1.823617e+00  1    1137.0670    1330.5336     314.5335     508.0001     508.0001       0.0000       0.0000     340.2711 1.887703e-01 4.404640e-01 1.926772e-01 1.061556e+00 8.794131e-01
  0.3000    35.0000 6.244084e-01 1.812898e+00  1    1129.7879    1321.5155     312.6868     504.4144     504.4144       0.0000       0.0000     337.7603 1.873225e-01 4.370859e-01 1.952376e-01 1.050293e+00 8.694847e-01
  0.3000    37.5000 6.190702e-01 1.801216e+00  1    1121.8425    1311.6373     310.6826     500.4774     500.4774       0.0000       0.0000     335.0194 1.857211e-01 4.333492e-01 1.979625e-01 1.037909e+00 8.585673e-01
  0.3000    40.0000 6.131821e-01 1.788532e+00  1    1113.2058    1300.8631     308.5162     496.1735     496.1735       0.0000       0.0000     332.0367 1.839546e-01 4.292275e-01 2.008417e-01 1.024365e+00 8.466290e-01
  0.3000    42.5000 6.066989e-01 1.774808e+00  1    1103.8464    1289.1506     306.1807     491.4849     491.4849       0.0000       0.0000     328.7983 1.820097e-01 4.246892e-01 2.038612e-01 1.009618e+00 8.336350e-01
  0.3000    45.0000 5.995670e-01 1.760000e+00  1    1093.7261    1276.4507     303.6672     486.3917     486.3917       0.0000       0.0000     325.2875 1.798701e-01 4.196969e-01 2.070024e-01 9.936226e-01 8.195478e-01
  0.3000    47.5000 5.917224e-01 1.744060e+00  1    1082.7987    1262.7059     300.9638     480.8710     480.8710       0.0000       0.0000     321.4843 1.775167e-01 4.142057e-01 2.102410e-01 9.763286e-01 8.043264e-01
  0.3000    50.0000 5.830882e-01 1.726939e+00  1    1071.0080    1247.8492     298.0556     474.8968     474.8968       0.0000       0.0000     317.3641 1.749265e-01 4.081617e-01 2.135459e-01 9.576809e-01 7.879266e-01
  0.3000    52.5000 5.735719e-01 1.708578e+00  1    1058.2864    1231.8022     294.9235     468.4393     468.4393       0.0000       0.0000     312.8972 1.720716e-01 4.015004e-01 2.168782e-01 9.376199e-01 7.703004e-01
  0.3000    55.0000 5.630619e-01 1.688914e+00  1    1044.5525    1214.4737     291.5438     461.4650     461.4650       0.0000       0.0000     308.0467 1.689186e-01 3.941434e-01 2.201884e-01 9.160819e-01 7.513974e-01
  0.3000    57.5000 5.514223e-01 1.667876e+00  1    1029.7080    1195.7572     287.8862     453.9355     453.9355       0.0000       0.0000     302.7665 1.654267e-01 3.859956e-01 2.234140e-01 8.930002e-01 7.311656e-01
  0.3000    60.0000 5.384871e-01 1.645383e+00  1    1013.6350    1175.5299     283.9134     445.8083     445.8083       0.0000       0.0000     296.9989 1.615461e-01 3.769410e-01 2.264762e-01 8.683082e-01 7.095546e-01
  0.3000    62.5000 5.240536e-01 1.621341e+00  1     996.1929    1153.6515     279.5781     437.0367     437.0367       0.0000       0.0000     290.6703 1.572161e-01 3.668375e-01 2.292746e-01 8.419464e-01 6.865224e-01
  0.3000    65.0000 5.078744e-01 1.595642e+00  1     977.2157    1129.9665     274.8216     427.5724     427.5724       0.0000       0.0000     283.6866 1.523623e-01 3.555121e-01 2.316820e-01 8.138734e-01 6.620456e-01
  0.3000    67.5000 4.896514e-01 1.568157e+00  1     956.5134    1104.3113     269.5718     417.3697     417.3697       0.0000       0.0000     275.9265 1.468954e-01 3.427560e-01 2.335374e-01 7.840884e-01 6.361403e-01
  0.3000    70.0000 4.690351e-01 1.538733e+00  1     933.8797    1076.5326     263.7423     406.3952     406.3952       0.0000       0.0000     267.2345 1.407105e-01 3.283246e-01 2.346413e-01 7.526682e-01 6.088954e-01
  0.3000    72.5000 4.456406e-01 1.507184e+00  1     909.1163    1046.5263     257.2354     394.6455     394.6455       0.0000       0.0000     257.4149 1.336922e-01 3.119484e-01 2.347556e-01 7.198272e-01 5.805259e-01
  0.3000    75.0000 4.190968e-01 1.473277e+00  1     882.0848    1014.3072     249.9541     382.1765     382.1765       0.0000       0.0000     246.2308 1.257290e-01 2.933677e-01 2.336201e-01 6.860026e-01 5.514476e-01
  0.3000    77.5000 3.891536e-01 1.436721e+00  1     852.7988     980.1119     241.8285     369.1417     369.1417       0.0000       0.0000     233.4196 1.167461e-01 2.724075e-01 2.309989e-01 6.519432e-01 5.223507e-01
  0.3000    80.0000 3.558512e-01 1.397138e+00  1     821.5403     944.5011     232.8599     355.8206     355.8206       0.0000       0.0000     218.7339 1.067554e-01 2.490958e-01 2.267691e-01 6.187325e-01 4.942130e-01
  0.3000    82.5000 3.196922e-01 1.354021e+00  1     788.9338     908.3666     223.1670     342.5998     342.5998       0.0000       0.0000     202.0109 9.590765e-02 2.237845e-01 2.210271e-01 5.876352e-01 4.681523e-01
  0.3000    85.0000 2.816940e-01 1.306666e+00  1     755.8731     872.7495     212.9989     329.8753     329.8753       0.0000       0.0000     183.2500 8.450821e-02 1.971858e-01 2.141383e-01 5.597350e-01 4.451017e-01
  0.3000    87.5000 2.432590e-01 1.254047e+00  1     723.2881     838.5201     202.6854     317.9174     317.9174       0.0000       0.0000     162.6811 7.297769e-02 1.702813e-01 2.066598e-01 5.355545e-01 4.254801e-01
  0.3000    90.0000 2.059624e-01 1.194551e+00  1     691.8827     806.1274     192.5460     306.7907     306.7907       0.0000       0.0000     140.8444 6.178871e-02 1.441737e-01 1.991630e-01 5.149328e-01 4.090999e-01
  0.3000    92.5000 1.713480e-01 1.125389e+00  1     661.9732     775.5504     182.7987     296.3758     296.3758       0.0000       0.0000     118.6665 5.140439e-02 1.199436e-01 1.920492e-01 4.972106e-01 3.953438e-01
  0.3000    95.0000 1.406697e-01 1.040859e+00  1     633.4512     746.4067     173.4986     286.4540     286.4540       0.0000       0.0000      97.3937 4.220090e-02 9.846877e-02 1.854305e-01 4.815462e-01 3.834467e-01
  0.3000    97.5000 1.145972e-01 9.247914e-01  1     605.8689     718.1286     164.5364     276.7961     276.7961       0.0000       0.0000      78.2442 3.437915e-02 8.021801e-02 1.791255e-01 4.671753e-01 3.727229e-01
  0.3000   100.0000 9.311149e-02 4.881115e-01  1     578.6215     690.1302     155.7043     267.2129     267.2129       0.0000       0.0000      61.9692 2.793345e-02 6.517804e-02 1.727720e-01 4.535218e-01 3.626581e-01
  0.3000   102.5000 7.569636e-02 3.906964e-01  1     551.1223     661.9051     146.7798     257.5627     257.5627       0.0000       0.0000      48.7037 2.270891e-02 5.298745e-02 1.659717e-01 4.401777e-01 3.528891e-01
  0.3000   105.0000 6.163981e-02 3.553409e-01  1     522.8840     633.0434     137.5749     247.7343     247.7343       0.0000       0.0000      38.1483 1.849194e-02 4.314787e-02 1.583729e-01 4.268351e-01 3.431422e-01
  0.3000   107.5000 5.024916e-02 3.319451e-01  1     493.5137     603.2008     127.9422     237.6293     237.6293       0.0000       0.0000      29.8333 1.507475e-02 3.517441e-02 1.496818e-01 4.132274e-01 3.331811e-01
  0.3000   110.0000 4.094219e-02 3.133245e-01  1     462.6701     572.0568     117.7612     227.1478     227.1478       0.0000       0.0000      23.2908 1.228266e-02 2.865953e-02 1.396375e-01 3.990913e-01 3.227739e-01
  0.3000   112.5000 3.326169e-02 2.967707e-01  1     430.0154     539.2725     106.9194     216.1766     216.1766       0.0000       0.0000      18.1245 9.978506e-03 2.328318e-02 1.279791e-01 3.841402e-01 3.116694e-01
  0.3000   115.0000 2.685926e-02 2.808164e-01  1     395.1698     504.4497      95.2966     204.5765     204.5765       0.0000       0.0000      14.0221 8.057777e-03 1.880148e-02 1.144154e-01 3.680369e-01 2.995740e-01
  0.3000   117.5000 2.147250e-02 2.644966e-01  1     357.6683     467.0814      82.7517     192.1648     192.1648       0.0000       0.0000      10.7451 6.441751e-03 1.503075e-02 9.859914e-02 3.503556e-01 2.861195e-01
  0.3000   120.0000 1.690496e-02 2.470495e-01  1     316.9210     426.4869      69.1183     178.6843     178.6843       0.0000       0.0000       8.1137 5.071488e-03 1.183347e-02 8.011673e-02 3.305171e-01 2.708078e-01
  0.4000     0.0000 8.348737e-01 1.898547e+00  1    1386.4182    1568.2577     401.5263     583.3657     583.3657       0.0000       0.0000     423.5331 3.339495e-01 5.009242e-01 3.170589e-01 1.373078e+00 1.169547e+00
  0.4000     0.1000 8.348811e-01 1.898552e+00  1    1386.4261    1568.2700     401.5274     583.3713     583.3713       0.0000       0.0000     423.5342 3.339524e-01 5.009287e-01 3.170630e-01 1.373131e+00 1.169510e+00
  0.4000     2.5000 8.347633e-01 1.898195e+00  1    1386.2347    1568.0255     401.4813     583.2721     583.2721       0.0000       0.0000     423.4658 3.339053e-01 5.008580e-01 3.172063e-01 1.372806e+00 1.169223e+00
  0.4000     5.0000 8.344081e-01 1.897120e+00  1    1385.6575    1567.2889     401.3421     582.9734     582.9734       0.0000       0.0000     423.2600 3.337632e-01 5.006449e-01 3.176356e-01 1.371829e+00 1.168356e+00
  0.4000     7.5000 8.338116e-01 1.895327e+00  1    1384.6883    1566.0533     401.1078     582.4728     582.4728       0.0000       0.0000     422.9162 3.335247e-01 5.002870e-01 3.183468e-01 1.370187e+00 1.166900e+00
  0.4000    10.0000 8.329661e-01 1.892810e+00  1    1383.3140    1564.3050     400.7743     581.7653     581.7653       0.0000       0.0000     422.4328 3.331865e-01 4.997797e-01 3.193323e-01 1.367858e+00 1.164834e+00
  0.4000    12.5000 8.318600e-01 1.889564e+00  1    1381.5152    1562.0231     400.3357     580.8437     580.8437       0.0000       0.0000     421.8076 3.327440e-01 4.991160e-01 3.205807e-01 1.364811e+00 1.162127e+00
  0.4000    15.0000 8.304788e-01 1.885579e+00  1    1379.2680    1559.1816     399.7848     579.6984     579.6984       0.0000       0.0000     421.0377 3.321915e-01 4.982873e-01 3.220792e-01 1.361001e+00 1.158738e+00
  0.4000    17.5000 8.288066e-01 1.880842e+00  1    1376.5467    1555.7515     399.1140     578.3187     578.3187       0.0000       0.0000     420.1199 3.315226e-01 4.972840e-01 3.238150e-01 1.356381e+00 1.154624e+00
  0.4000    20.0000 8.268270e-01 1.875339e+00  1    1373.3267    1551.7034     398.3167     576.6934     576.6934       0.0000       0.0000     419.0509 3.307308e-01 4.960962e-01 3.257775e-01 1.350901e+00 1.149738e+00
  0.4000    22.5000 8.245238e-01 1.869052e+00  1    1369.5850    1547.0089     397.3870     574.8110     574.8110       0.0000       0.0000     417.8269 3.298095e-01 4.947143e-01 3.279585e-01 1.344513e+00 1.144034e+00
  0.4000    25.0000 8.218805e-01 1.861960e+00  1    1365.3005    1541.6404     396.3202     572.6601     572.6601       0.0000       0.0000     416.4444 3.287522e-01 4.931283e-01 3.303518e-01 1.337167e+00 1.137469e+00
  0.4000    27.5000 8.188798e-01 1.854038e+00  1    1360.4538    1535.5708     395.1123     570.2293     570.2293       0.0000       0.0000     414.8991 3.275519e-01 4.913279e-01 3.329529e-01 1.328819e+00 1.129999e+00
  0.4000    30.0000 8.155033e-01 1.845261e+00  1    1355.0252    1528.7725     393.7593     567.5066     567.5066       0.0000       0.0000     413.1868 3.262013e-01 4.893020e-01 3.357573e-01 1.319422e+00 1.121585e+00
  0.4000    32.5000 8.117304e-01 1.835600e+00  1    1348.9947    1521.2169     392.2575     564.4797     564.4797       0.0000       0.0000     411.3021 3.246922e-01 4.870382e-01 3.387601e-01 1.308931e+00 1.112184e+00
  0.4000    35.0000 8.075379e-01 1.825023e+00  1    1342.3403    1512.8731     390.6025     561.1353     561.1353       0.0000       0.0000     409.2395 3.230152e-01 4.845227e-01 3.419552e-01 1.297298e+00 1.101755e+00
  0.4000    37.5000 8.028992e-01 1.813498e+00  1    1335.0375    1503.7070     388.7894     557.4588     557.4588       0.0000       0.0000     406.9921 3.211597e-01 4.817395e-01 3.453344e-01 1.284476e+00 1.090255e+00
  0.4000    40.0000 7.977838e-01 1.800989e+00  1    1327.0585    1493.6808     386.8121     553.4344     553.4344       0.0000       0.0000     404.5522 3.191135e-01 4.786703e-01 3.488868e-01 1.270411e+00 1.077638e+00
  0.4000    42.5000 7.921563e-01 1.787457e+00  1    1318.3708    1482.7515     384.6634     549.0441     549.0441       0.0000       0.0000     401.9107 3.168625e-01 4.752938e-01 3.525985e-01 1.255049e+00 1.063854e+00
  0.4000    45.0000 7.859755e-01 1.772861e+00  1    1308.9366    1470.8699     382.3345     544.2677     544.2677       0.0000       0.0000     399.0569 3.143902e-01 4.715853e-01 3.564517e-01 1.238326e+00 1.048850e+00
  0.4000    47.5000 7.791929e-01 1.757155e+00  1    1298.7116    1457.9792     379.8146     539.0823     539.0823       0.0000       0.0000     395.9783 3.116772e-01 4.675158e-01 3.604240e-01 1.220176e+00 1.032566e+00
  0.4000    50.0000 7.717515e-01 1.740291e+00  1    1287.6430    1444.0134     377.0909     533.4613     533.4613       0.0000       0.0000     392.6599 3.087006e-01 4.630509e-01 3.644877e-01 1.200521e+00 1.014935e+00
  0.4000    52.5000 7.635830e-01 1.722214e+00  1    1275.6681    1428.8948     374.1471     527.3738     527.3738       0.0000       0.0000     389.0835 3.054332e-01 4.581498e-01 3.686085e-01 1.179273e+00 9.958804e-01
  0.4000    55.0000 7.546055e-01 1.702863e+00  1    1262.7114    1412.5313     370.9638     520.7837     520.7837       0.0000       0.0000     385.2275 3.018422e-01 4.527633e-01 3.727437e-01 1.156331e+00 9.753154e-01
  0.4000    57.5000 7.447194e-01 1.682171e+00  1    1248.6814    1394.8126     367.5167     513.6480     513.6480       0.0000       0.0000     381.0648 2.978878e-01 4.468316e-01 3.768403e-01 1.131578e+00 9.531369e-01
  0.4000    60.0000 7.338019e-01 1.660062e+00  1    1233.4659    1375.6052     363.7755     505.9148     505.9148       0.0000       0.0000     376.5618 2.935207e-01 4.402811e-01 3.808321e-01 1.104873e+00 9.292243e-01
  0.4000    62.5000 7.216996e-01 1.636447e+00  1    1216.9256    1354.7452     359.7020     497.5216     497.5216       0.0000       0.0000     371.6763 2.886798e-01 4.330197e-01 3.846351e-01 1.076050e+00 9.034335e-01
  0.4000    65.0000 7.082178e-01 1.611224e+00  1    1198.8858    1332.0292     355.2475     488.3909     488.3909       0.0000       0.0000     366.3534 2.832871e-01 4.249307e-01 3.881419e-01 1.044909e+00 8.755906e-01
  0.4000    67.5000 6.931050e-01 1.584274e+00  1    1179.1232    1307.2010     350.3485     478.4262     478.4262       0.0000       0.0000     360.5210 2.772420e-01 4.158630e-01 3.912126e-01 1.011204e+00 8.454845e-01
  0.4000    70.0000 6.760295e-01 1.555453e+00  1    1157.3482    1279.9327     344.9212     467.5057     467.5057       0.0000       0.0000     354.0820 2.704118e-01 4.056177e-01 3.936612e-01 9.746333e-01 8.128565e-01
  0.4000    72.5000 6.565450e-01 1.524590e+00  1    1133.1792    1249.7995     338.8530     455.4733     455.4733       0.0000       0.0000     346.9019 2.626180e-01 3.939270e-01 3.952358e-01 9.348257e-01 7.773902e-01
  0.4000    75.0000 6.340381e-01 1.491474e+00  1    1106.1057    1216.2449     331.9889     442.1280     442.1280       0.0000       0.0000     338.7890 2.536152e-01 3.804228e-01 3.955868e-01 8.913299e-01 7.387049e-01
  0.4000    77.5000 6.076532e-01 1.455839e+00  1    1075.4421    1178.5428     324.1138     427.2145     427.2145       0.0000       0.0000     329.4628 2.430613e-01 3.645919e-01 3.942208e-01 8.436239e-01 6.963689e-01
  0.4000    80.0000 5.762027e-01 1.417345e+00  1    1040.2896    1135.7852     314.9313     410.4270     410.4270       0.0000       0.0000     318.5047 2.304811e-01 3.457216e-01 3.904393e-01 7.911987e-01 6.499821e-01
  0.4000    82.5000 5.381417e-01 1.375543e+00  1     999.5985    1087.0122     304.0616     391.4753     391.4753       0.0000       0.0000     305.2999 2.152567e-01 3.228850e-01 3.833007e-01 7.338748e-01 5.994701e-01
  0.4000    85.0000 4.919467e-01 1.329819e+00  1     952.6371    1031.8358     291.1461     370.3448     370.3448       0.0000       0.0000     289.0462 1.967787e-01 2.951680e-01 3.717867e-01 6.727006e-01 5.458919e-01
  0.4000    87.5000 4.376216e-01 1.279298e+00  1     900.3589     972.0023     276.2385     347.8819     347.8819       0.0000       0.0000     269.0834 1.750486e-01 2.625729e-01 3.556003e-01 6.115184e-01 4.927977e-01
  0.4000    90.0000 3.787255e-01 1.222645e+00  1     846.6872     912.4672     260.3024     326.0824     326.0824       0.0000       0.0000     245.6305 1.514902e-01 2.272353e-01 3.363912e-01 5.568336e-01 4.459868e-01
  0.4000    92.5000 3.208192e-01 1.157655e+00  1     796.3152     858.3488     244.7605     306.7941     306.7941       0.0000       0.0000     219.8309 1.283277e-01 1.924915e-01 3.171113e-01 5.131352e-01 4.092810e-01
  0.4000    95.0000 2.673958e-01 1.080154e+00  1     751.2487     811.2209     230.4255     290.3977     290.3977       0.0000       0.0000     192.7342 1.069583e-01 1.604375e-01 2.997040e-01 4.799559e-01 3.820616e-01
  0.4000    97.5000 2.195207e-01 9.801093e-01  1     711.1056     770.0106     217.4002     276.3052     276.3052       0.0000       0.0000     164.9917 8.780828e-02 1.317124e-01 2.846199e-01 4.544734e-01 3.617055e-01
  0.4000   100.0000 1.775035e-01 8.107114e-01  1     674.7444     733.0209     205.4893     263.7658     263.7658       0.0000       0.0000     137.3643 7.100140e-02 1.065021e-01 2.715868e-01 4.339763e-01 3.457631e-01
  0.4000   102.5000 1.416559e-01 4.066559e-01  1     640.9745     698.7220     194.4090     252.1565     252.1565       0.0000       0.0000     111.0767 5.666237e-02 8.499356e-02 2.600772e-01 4.164700e-01 3.324581e-01
  0.4000   105.0000 1.121117e-01 3.604387e-01  1     608.6964     665.8761     183.8389     241.0186     241.0186       0.0000       0.0000      87.5731 4.484470e-02 6.726705e-02 2.494494e-01 4.006042e-01 3.205978e-01
  0.4000   107.5000 8.848160e-02 3.341191e-01  1     576.9418     633.5175     173.4553     230.0311     230.0311       0.0000       0.0000      67.8485 3.539264e-02 5.308896e-02 2.390382e-01 3.854929e-01 3.094038e-01
  0.4000   110.0000 6.988804e-02 3.140845e-01  1     544.9107     600.9040     162.9725     218.9657     218.9657       0.0000       0.0000      52.0674 2.795522e-02 4.193283e-02 2.282490e-01 3.705344e-01 2.983486e-01
  0.4000   112.5000 5.528648e-02 2.967361e-01  1     511.9585     567.4427     152.1581     207.6423     207.6423       0.0000       0.0000      39.7696 2.211459e-02 3.317189e-02 2.165927e-01 3.552676e-01 2.870287e-01
  0.4000   115.0000 4.373044e-02 2.802927e-01  1     477.5309     532.6064     140.8185     195.8940     195.8940       0.0000       0.0000      30.2729 1.749218e-02 2.623827e-02 2.036544e-01 3.392770e-01 2.750820e-01
  0.4000   117.5000 3.446973e-02 2.636497e-01  1     441.0799     495.8512     128.7696     183.5408     183.5408       0.0000       0.0000      22.9296 1.378789e-02 2.068184e-02 1.890332e-01 3.221297e-01 2.621326e-01
  0.4000   120.0000 2.694458e-02 2.459794e-01  1     401.9729     456.5293     115.8055     170.3619     170.3619       0.0000       0.0000      17.2152 1.077783e-02 1.616675e-02 1.722794e-01 3.033151e-01 2.477395e-01
  0.5000     0.0000 1.326905e+00 1.898507e+00  1    2206.9977    2206.9977     735.6659     735.6659     735.6659       0.0000       0.0000     532.4313 6.634525e-01 6.634525e-01 1.878271e+00 1.878023e+00 1.650953e+00
  0.5000     0.1000 1.326914e+00 1.898513e+00  1    2207.0146    2207.0146     735.6715     735.6715     735.6715       0.0000       0.0000     532.4324 6.634572e-01 6.634572e-01 1.878324e+00 1.878079e+00 1.650889e+00
  0.5000     2.5000 1.326734e+00 1.898158e+00  1    2206.6533    2206.6533     735.5511     735.5511     735.5511       0.0000       0.0000     532.3698 6.633672e-01 6.633672e-01 1.877933e+00 1.877688e+00 1.650532e+00
  0.5000     5.0000 1.326194e+00 1.897093e+00  1    2205.5668    2205.5668     735.1889     735.1889     735.1889       0.0000       0.0000     532.1815 6.630968e-01 6.630968e-01 1.876758e+00 1.876513e+00 1.649460e+00
  0.5000     7.5000 1.325291e+00 1.895314e+00  1    2203.7534    2203.7534     734.5845     734.5845     734.5845       0.0000       0.0000     531.8675 6.626453e-01 6.626453e-01 1.874796e+00 1.874551e+00 1.647670e+00
  0.5000    10.0000 1.324023e+00 1.892818e+00  1    2201.2088    2201.2088     733.7363     733.7363     733.7363       0.0000       0.0000     531.4271 6.620117e-01 6.620117e-01 1.872043e+00 1.871798e+00 1.645157e+00
  0.5000    12.5000 1.322389e+00 1.889598e+00  1    2197.9268    2197.9268     732.6423     732.6423     732.6423       0.0000       0.0000     530.8599 6.611943e-01 6.611943e-01 1.868489e+00 1.868245e+00 1.641914e+00
  0.5000    15.0000 1.320382e+00 1.885645e+00  1    2193.8986    2193.8986     731.2995     731.2995     731.2995       0.0000       0.0000     530.1648 6.601912e-01 6.601912e-01 1.864125e+00 1.863881e+00 1.637931e+00
  0.5000    17.5000 1.317999e+00 1.880947e+00  1    2189.1129    2189.1129     729.7043     729.7043     729.7043       0.0000       0.0000     529.3407 6.589993e-01 6.589993e-01 1.858936e+00 1.858692e+00 1.633195e+00
  0.5000    20.0000 1.315230e+00 1.875490e+00  1    2183.5557    2183.5557     727.8519     727.8519     727.8519       0.0000       0.0000     528.3862 6.576152e-01 6.576152e-01 1.852903e+00 1.852659e+00 1.627688e+00
  0.5000    22.5000 1.312069e+00 1.869255e+00  1    2177.2100    2177.2100     725.7367     725.7367     725.7367       0.0000       0.0000     527.2996 6.560344e-01 6.560344e-01 1.846005e+00 1.845761e+00 1.621389e+00
  0.5000    25.0000 1.308503e+00 1.862222e+00  1    2170.0562    2170.0562     723.3521     723.3521     723.3521       0.0000       0.0000     526.0787 6.542517e-01 6.542517e-01 1.838216e+00 1.837973e+00 1.614277e+00
  0.5000    27.5000 1.304521e+00 1.854367e+00  1    2162.0719    2162.0719     720.6906     720.6906     720.6906       0.0000       0.0000     524.7211 6.522607e-01 6.522607e-01 1.829508e+00 1.829265e+00 1.606324e+00
  0.5000    30.0000 1.300108e+00 1.845664e+00  1    2153.2320    2153.2320     717.7440     717.7440     717.7440       0.0000       0.0000     523.2239 6.500540e-01 6.500540e-01 1.819849e+00 1.819607e+00 1.597501e+00
  0.5000    32.5000 1.295246e+00 1.836086e+00  1    2143.5086    2143.5086     714.5029     714.5029     714.5029       0.0000       0.0000     521.5838 6.476232e-01 6.476232e-01 1.809204e+00 1.808962e+00 1.587776e+00
  0.5000    35.0000 1.289917e+00 1.825602e+00  1    2132.8711    2132.8711     710.9570     710.9570     710.9570       0.0000       0.0000     519.7971 6.449586e-01 6.449586e-01 1.797535e+00 1.797294e+00 1.577113e+00
  0.5000    37.5000 1.284099e+00 1.814178e+00  1    2121.2855    2121.2855     707.0952     707.0952     707.0952       0.0000       0.0000     517.8594 6.420494e-01 6.420494e-01 1.784802e+00 1.784562e+00 1.565476e+00
  0.5000    40.0000 1.277766e+00 1.801780e+00  1    2108.7148    2108.7148     702.9049     702.9049     702.9049       0.0000       0.0000     515.7659 6.388831e-01 6.388831e-01 1.770959e+00 1.770719e+00 1.552823e+00
  0.5000    42.5000 1.270892e+00 1.788370e+00  1    2095.1179    2095.1179     698.3726     698.3726     698.3726       0.0000       0.0000     513.5110 6.354458e-01 6.354458e-01 1.755958e+00 1.755719e+00 1.539111e+00
  0.5000    45.0000 1.263444e+00 1.773908e+00  1    2080.4493    2080.4493     693.4831     693.4831     693.4831       0.0000       0.0000     511.0885 6.317220e-01 6.317220e-01 1.739745e+00 1.739507e+00 1.524289e+00
  0.5000    47.5000 1.255388e+00 1.758349e+00  1    2064.6585    2064.6585     688.2195     688.2195     688.2195       0.0000       0.0000     508.4912 6.276939e-01 6.276939e-01 1.722263e+00 1.722026e+00 1.508306e+00
  0.5000    50.0000 1.246683e+00 1.741645e+00  1    2047.6883    2047.6883     682.5628     682.5628     682.5628       0.0000       0.0000     505.7109 6.233413e-01 6.233413e-01 1.703447e+00 1.703211e+00 1.491102e+00
  0.5000    52.5000 1.237282e+00 1.723743e+00  1    2029.4746    2029.4746     676.4915     676.4915     676.4915       0.0000       0.0000     502.7382 6.186411e-01 6.186411e-01 1.683223e+00 1.682988e+00 1.472612e+00
  0.5000    55.0000 1.227134e+00 1.704584e+00  1    2009.9435    2009.9435     669.9812     669.9812     669.9812       0.0000       0.0000     499.5621 6.135668e-01 6.135668e-01 1.661509e+00 1.661276e+00 1.452759e+00
  0.5000    57.5000 1.216175e+00 1.684104e+00  1    1989.0104    1989.0104     663.0035     663.0035     663.0035       0.0000       0.0000     496.1698 6.080874e-01 6.080874e-01 1.638212e+00 1.637980e+00 1.431459e+00
  0.5000    60.0000 1.204333e+00 1.662226e+00  1    1966.5763    1966.5763     655.5254     655.5254     655.5254       0.0000       0.0000     492.5462 6.021667e-01 6.021667e-01 1.613222e+00 1.612991e+00 1.408612e+00
  0.5000    62.5000 1.191523e+00 1.638866e+00  1    1942.5245    1942.5245     647.5082     647.5082     647.5082       0.0000       0.0000     488.6732 5.957614e-01 5.957614e-01 1.586410e+00 1.586181e+00 1.384103e+00
  0.5000    65.0000 1.177639e+00 1.613926e+00  1    1916.7157    1916.7157     638.9052     638.9052     638.9052       0.0000       0.0000     484.5289 5.888197e-01 5.888197e-01 1.557625e+00 1.557398e+00 1.357791e+00
  0.5000    67.5000 1.162556e+00 1.587290e+00  1    1888.9806    1888.9806     629.6602     629.6602     629.6602       0.0000       0.0000     480.0866 5.812781e-01 5.812781e-01 1.526682e+00 1.526457e+00 1.329511e+00
  0.5000    70.0000 1.146116e+00 1.558820e+00  1    1859.1104    1859.1104     619.7035     619.7035     619.7035       0.0000       0.0000     475.3126 5.730579e-01 5.730579e-01 1.493355e+00 1.493132e+00 1.299055e+00
  0.5000    72.5000 1.128118e+00 1.528353e+00  1    1826.8420    1826.8420     608.9473     608.9473     608.9473       0.0000       0.0000     470.1642 5.640589e-01 5.640589e-01 1.457359e+00 1.457139e+00 1.266165e+00
  0.5000    75.0000 1.108302e+00 1.495685e+00  1    1791.8360    1791.8360     597.2787     597.2787     597.2787       0.0000       0.0000     464.5856 5.541512e-01 5.541512e-01 1.418328e+00 1.418110e+00 1.230507e+00
  0.5000    77.5000 1.086321e+00 1.460566e+00  1    1753.6413    1753.6413     584.5471     584.5471     584.5471       0.0000       0.0000     458.5012 5.431606e-01 5.431606e-01 1.375776e+00 1.375561e+00 1.191641e+00
  0.5000    80.0000 1.061689e+00 1.422674e+00  1    1711.6362    1711.6362     570.5454     570.5454     570.5454       0.0000       0.0000     451.8056 5.308447e-01 5.308447e-01 1.329036e+00 1.328825e+00 1.148960e+00
  0.5000    82.5000 1.033700e+00 1.381587e+00  1    1664.9221    1664.9221     554.9740     554.9740     554.9740       0.0000       0.0000     444.3432 5.168499e-01 5.168499e-01 1.277149e+00 1.276942e+00 1.101591e+00
  0.5000    85.0000 1.001250e+00 1.336734e+00  1    1612.1153    1612.1153     537.3718     537.3718     537.3718       0.0000       0.0000     435.8694 5.006252e-01 5.006252e-01 1.218643e+00 1.218440e+00 1.048200e+00
  0.5000    87.5000 9.624579e-01 1.287307e+00  1    1550.8814    1550.8814     516.9605     516.9605     516.9605       0.0000       0.0000     425.9606 4.812289e-01 4.812289e-01 1.151050e+00 1.150853e+00 9.865491e-01
  0.5000    90.0000 9.136050e-01 1.232098e+00  1    1476.6886    1476.6886     492.2295     492.2295     492.2295       0.0000       0.0000     413.7673 4.568025e-01 4.568025e-01 1.069618e+00 1.069429e+00 9.123352e-01
  0.5000    92.5000 8.451715e-01 1.169149e+00  1    1378.1874    1378.1874     459.3958     459.3958     459.3958       0.0000       0.0000     397.0623 4.225858e-01 4.225858e-01 9.625946e-01 9.624149e-01 8.149402e-01
  0.5000    95.0000 7.075514e-01 1.094888e+00  1    1198.8282    1198.8282     399.6094     399.6094     399.6094       0.0000       0.0000     363.6375 3.537757e-01 3.537757e-01 7.730452e-01 7.728851e-01 6.431759e-01
  0.5000    97.5000 4.034099e-01 1.001297e+00  1     881.0016     881.0016     293.6672     293.6672     293.6672       0.0000       0.0000     272.7419 2.017050e-01 2.017050e-01 4.810434e-01 4.809223e-01 3.846801e-01
  0.5000   100.0000 7.828176e-01 8.591607e-01  0       0.0000       0.0000       0.0000       0.0000       0.0000       0.0000       0.0000       0.0000 0.000000e+00 0.000000e+00 0.000000e+00 0.000000e+00 0.000000e+00
  0.5000   102.5000 2.388662e-01 4.188662e-01  1     739.5951     739.5951     246.5317     246.5317     246.5317       0.0000       0.0000     192.8254 1.194331e-01 1.194331e-01 3.896052e-01 3.895042e-01 3.093583e-01
  0.5000   105.0000 1.868965e-01 -3.277886e-01  1     694.8599     694.8599     231.6200     231.6200     231.6200       0.0000       0.0000     158.6402 9.344825e-02 9.344825e-02 3.664988e-01 3.664046e-01 2.914194e-01
  0.5000   107.5000 1.446870e-01 -3.147763e-01  1     655.2365     655.2365     218.4122     218.4122     218.4122       0.0000       0.0000     126.5157 7.234349e-02 7.234349e-02 3.477086e-01 3.476205e-01 2.771957e-01
  0.5000   110.0000 1.109969e-01 -3.018540e-01  1     618.0349     618.0349     206.0116     206.0116     206.0116       0.0000       0.0000      97.8604 5.549843e-02 5.549843e-02 3.309806e-01 3.308982e-01 2.647307e-01
  0.5000   112.5000 8.487559e-02 -2.885486e-01  1     581.6443     581.6443     193.8814     193.8814     193.8814       0.0000       0.0000      74.0329 4.243780e-02 4.243780e-02 3.150070e-01 3.149302e-01 2.528950e-01
  0.5000   115.0000 6.496166e-02 -2.744745e-01  1     544.9491     544.9491     181.6497     181.6497     181.6497       0.0000       0.0000      55.3103 3.248083e-02 3.248083e-02 2.989062e-01 2.988350e-01 2.409295e-01
  0.5000   117.5000 4.976550e-02 -2.592540e-01  1     507.0655     507.0655     169.0218     169.0218     169.0218       0.0000       0.0000      41.0328 2.488275e-02 2.488275e-02 2.819955e-01 2.819299e-01 2.282469e-01
  0.5000   120.0000 3.801861e-02 -2.424599e-01  1     467.1622     467.1622     155.7207     155.7207     155.7207       0.0000       0.0000      30.2319 1.900930e-02 1.900930e-02 2.636476e-01 2.635878e-01 2.143082e-01
